# uv_matched
1.000000	326.085420	-46.380930	19.559000	5255040925051487232.000000	2.825525
2.000000	310.068330	-97.134870	20.068000	5255040821972235264.000000	4.234271
3.000000	302.456240	-136.427690	19.907000	5255040783287501824.000000	2.697028
4.000000	279.391690	-52.815610	20.628000	5255040890691719168.000000	3.168474
5.000000	276.377000	-148.137020	20.132000	5255040478374804480.000000	2.641678
6.000000	277.140230	33.949900	17.374000	5255052744781458432.000000	2.248851
7.000000	266.141240	-92.709740	20.106000	5255040856331952128.000000	2.759847
8.000000	260.027410	-200.804780	17.725000	5255040375295551488.000000	2.416071
9.000000	249.035840	-202.365520	18.619000	5255040444015020032.000000	2.708788
10.000000	246.290430	-214.851920	19.903000	5255040444015011840.000000	3.068476
11.000000	243.803670	7.813840	19.781000	5255052641722255360.000000	3.181154
12.000000	241.006560	-128.224920	17.878000	5255040478374793216.000000	2.456007
13.000000	240.045010	-237.303370	20.432000	5255040272216302592.000000	2.913941
14.000000	233.248740	-105.565570	20.715000	5255040478374802432.000000	3.907888
15.000000	228.354990	-73.732100	20.335000	5255052607362463744.000000	3.077180
16.000000	228.603290	47.659720	20.436000	5255052813520958464.000000	2.934569
17.000000	220.642720	-240.758210	19.353000	5255040340935764992.000000	2.877302
18.000000	214.390250	55.569850	16.607000	5255052809196064768.000000	2.310417
19.000000	210.919630	-89.648340	20.402000	5255052225080409088.000000	2.818321
20.000000	206.738950	-188.425330	19.544000	5255040336610874368.000000	2.833700
21.000000	208.106170	67.928880	17.681000	5255052813500857344.000000	-0.462173
22.000000	201.966810	134.935460	18.002000	5255053054039158784.000000	2.522538
23.000000	200.106320	21.898330	17.710000	5255052710441713664.000000	3.915404
24.000000	198.764820	34.608570	20.609000	5255052710441720832.000000	2.940951
25.000000	197.023300	80.691520	17.544000	5255052813521510400.000000	3.985454
26.000000	196.763490	121.984020	19.734000	5255053019679410176.000000	2.675481
27.000000	191.021920	-1.882970	19.437000	5255052676081958912.000000	2.951149
28.000000	180.838850	-275.611840	20.571000	5255038829107235840.000000	2.896510
29.000000	173.733820	-50.456880	17.274000	5255052298124795904.000000	2.397437
30.000000	172.319370	39.617270	20.689000	5255052710441708544.000000	3.148158
31.000000	164.288360	-266.588050	20.124000	5255050575812858880.000000	3.016496
32.000000	167.124450	145.536750	20.336000	5255053019679407104.000000	2.743814
33.000000	163.675780	-50.514800	20.703000	5255052298124789760.000000	2.838315
34.000000	164.635190	160.372190	16.645000	5255053054039151616.000000	2.267352
35.000000	161.023530	43.448890	19.663000	5255052882240986112.000000	4.170958
36.000000	157.500330	-218.986840	19.908000	5255052057606523904.000000	3.035249
37.000000	153.693860	-19.361610	16.966000	5255052298124805120.000000	2.392034
38.000000	149.541780	-276.972820	18.802000	5255050580137740288.000000	2.717531
39.000000	145.761790	-300.836250	19.544000	5255050545777984512.000000	2.855810
40.000000	147.393040	55.454330	16.675000	5255052882240395264.000000	2.231427
41.000000	134.033470	3.017880	17.979000	5255052504283233280.000000	2.951461
42.000000	129.556090	-73.117290	18.677000	5255052263765021696.000000	2.899958
43.000000	121.171590	-251.704800	19.893000	5255050575812869120.000000	2.764769
44.000000	120.642400	34.532050	18.810000	5255052882240367616.000000	2.582573
45.000000	120.799050	154.736000	17.165000	5255053088398863360.000000	2.314269
46.000000	99.175790	-110.276460	13.150000	5255052366844196864.000000	2.070416
47.000000	93.672400	-303.160340	17.019000	5255050442698739712.000000	2.441338
48.000000	91.844170	-253.622820	15.578000	5255050614497457152.000000	2.117701
49.000000	93.722240	17.275970	20.037000	5255052573002694656.000000	3.067510
50.000000	92.575340	-80.499190	19.015000	5255052366844211200.000000	2.669564
51.000000	91.702140	84.021550	20.430000	5255052950959855616.000000	2.771169
52.000000	89.084200	58.499500	19.855000	5255052950959840256.000000	2.650921
53.000000	84.422610	-33.117180	19.524000	5255052469924122624.000000	2.895386
54.000000	84.988960	152.282510	20.337000	5255053741233871872.000000	2.718130
55.000000	79.682950	-280.470190	18.286000	5255050614497435648.000000	2.690001
56.000000	72.665620	-318.229830	19.905000	5255050511418196992.000000	3.427566
57.000000	74.460730	-110.330640	17.289000	5255052332484443136.000000	2.361239
58.000000	72.377720	-345.085740	20.060000	5255050408338966528.000000	3.006535
59.000000	72.589030	-204.973580	16.247000	5255050648857212928.000000	2.350552
60.000000	72.026740	-53.665140	18.619000	5255052366844215296.000000	2.626380
61.000000	72.295180	152.002780	20.125000	5255053741233862656.000000	2.558220
62.000000	67.310630	-370.426870	19.855000	5255050408338950144.000000	3.728325
63.000000	72.213290	227.926910	19.727000	5255053839993636864.000000	2.673228
64.000000	67.551970	-101.578560	20.461000	5255052328159619072.000000	2.815982
65.000000	67.493990	-75.514520	16.646000	5255052366844197888.000000	2.773069
66.000000	66.858360	251.798030	20.105000	5255053913032605696.000000	2.750821
67.000000	65.540330	170.798650	16.430000	5255053741233870848.000000	2.414425
68.000000	64.460710	158.631220	19.814000	5255053741233861632.000000	2.628903
69.000000	63.211070	64.527840	20.189000	5255052572982368256.000000	2.784791
70.000000	60.459140	-23.634770	19.419000	5255052538642917376.000000	2.706968
71.000000	55.519740	173.539680	18.332000	5255053741233865728.000000	2.715562
72.000000	54.795850	181.604020	19.109000	5255053741233869824.000000	2.525437
73.000000	54.806250	244.604090	20.212000	5255053908713110528.000000	2.722727
74.000000	47.743570	-125.689080	20.763000	5255052328159603712.000000	2.965736
75.000000	46.407720	33.359470	19.603000	5255052538642941952.000000	2.847762
76.000000	41.978350	252.709240	20.652000	5255053913032591360.000000	2.905508
77.000000	39.557570	141.433940	18.716000	5255053706874101760.000000	2.615971
78.000000	35.155420	11.223270	18.244000	5255052538642920448.000000	2.617476
79.000000	32.249550	-258.128060	20.153000	5255050713251821568.000000	2.944130
80.000000	34.423640	247.887620	18.977000	5255053913032586240.000000	2.754014
81.000000	32.328310	35.596070	20.447000	5255053294557177856.000000	3.178630
82.000000	28.148810	109.901130	15.850000	5255053328916955136.000000	2.831910
83.000000	25.572090	-39.102310	17.831000	5255052431238877184.000000	2.793390
84.000000	25.876930	27.677620	15.749000	5255053294557169664.000000	1.952646
85.000000	10.407880	-286.384230	16.860000	5255050683216870400.000000	2.261697
86.000000	13.570410	122.251650	19.117000	5255053393311655936.000000	2.719520
87.000000	12.030360	-6.304200	13.750000	5255053191477925888.000000	1.954404
88.000000	12.961880	211.927780	20.030000	5255053805628573696.000000	3.046005
89.000000	6.621930	62.564220	14.196000	5255053294557177856.000000	2.595452
90.000000	1.297030	19.472390	19.828000	5255053191477936128.000000	3.695329
91.000000	-5.347480	-73.335720	20.570000	5255053157118140416.000000	2.828055
92.000000	-11.379920	-8.932140	20.650000	5255053187153139712.000000	2.988171
93.000000	-12.045280	-75.064210	20.740000	5255053157118135296.000000	3.167870
94.000000	-10.502620	135.859960	18.191000	5255053397636422656.000000	3.075989
95.000000	-12.567160	55.795750	15.214000	5255053363276640256.000000	2.199386
96.000000	-21.395250	-63.869500	19.450000	5255053157118136320.000000	2.620034
97.000000	-27.113930	99.677360	16.330000	5255053363276656640.000000	2.257259
98.000000	-32.418360	-250.424090	16.330000	5255050751936343040.000000	2.381398
99.000000	-30.270520	2.044600	16.858000	5255053191483036672.000000	2.277250
100.000000	-30.016780	77.212670	19.834000	5255053358962604032.000000	2.738118
101.000000	-32.679640	-22.148030	19.850000	5255053157118149632.000000	3.338789
102.000000	-36.133720	172.503030	18.240000	5255053603794857984.000000	3.922362
103.000000	-45.568590	-368.472640	20.380000	5255050270899931136.000000	2.821484
104.000000	-50.566460	-281.678420	15.940000	5255050369653846016.000000	4.218735
105.000000	-48.319180	215.482820	20.594000	5255053977427266560.000000	3.038963
106.000000	-51.282030	80.121500	20.079000	5255053358951891968.000000	2.948427
107.000000	-54.641800	-45.771990	18.420000	5255051748368855040.000000	2.576024
108.000000	-59.538290	126.881730	19.835000	5255053569435081728.000000	2.706349
109.000000	-65.426660	-212.169470	19.460000	5255051507850590208.000000	2.721868
110.000000	-62.862120	85.372030	17.265000	5255053466355842048.000000	2.323024
111.000000	-64.400470	39.039200	20.490000	5255053255872651264.000000	2.839890
112.000000	-66.531330	-148.918020	20.510000	5255051542210361344.000000	2.887710
113.000000	-65.105350	99.518840	20.745000	5255053569435064320.000000	2.992654
114.000000	-67.708490	73.777400	20.140000	5255053466355830784.000000	2.957862
115.000000	-73.299260	-235.610050	18.020000	5255051507850573824.000000	2.657863
116.000000	-79.734350	-372.306490	19.840000	5255050236540170240.000000	3.533773
117.000000	-75.832530	190.016650	19.881000	5255053603794844672.000000	2.663825
118.000000	-82.661140	-65.119970	16.580000	5255051748368827392.000000	2.337504
119.000000	-83.106160	80.175780	17.120000	5255053462036496384.000000	2.523922
120.000000	-94.278140	-205.240620	19.210000	5255051507851438080.000000	2.603284
121.000000	-94.655970	160.915330	19.272000	5255053638154557440.000000	2.767602
122.000000	-97.351940	-58.830940	18.190000	5255051714009084928.000000	3.804835
123.000000	-98.740340	-203.084200	20.670000	5255051507851438080.000000	2.886587
124.000000	-96.061070	166.818230	17.966000	5255053638154559488.000000	2.507697
125.000000	-96.800150	249.329760	20.681000	5255054050471467008.000000	3.444117
126.000000	-100.340290	41.786650	20.227000	5255053427676755968.000000	2.748164
127.000000	-105.484200	189.706390	18.166000	5255053672514307072.000000	2.555866
128.000000	-110.268240	10.421970	16.280000	5255051954527286272.000000	2.203594
129.000000	-116.026570	-102.443520	20.270000	5255051610929836032.000000	2.787540
130.000000	-118.094370	156.178680	20.516000	5255053638154541056.000000	2.937131
131.000000	-120.710270	26.107970	19.721000	5255053431996037120.000000	4.344460
132.000000	-124.070970	-308.479910	18.630000	5255051095533637632.000000	2.723025
133.000000	-122.533590	-20.945900	18.800000	5255051954527259648.000000	2.856727
134.000000	-128.083270	-78.911720	17.320000	5255051920167486464.000000	2.396485
135.000000	-134.044110	-186.378340	20.570000	5255051576570044416.000000	3.018120
136.000000	-134.639620	-59.190850	16.440000	5255051920167493632.000000	2.432910
137.000000	-134.740090	-66.750970	16.590000	5255051920167488512.000000	3.776007
138.000000	-140.031550	-12.108960	18.350000	5255051954527254528.000000	2.588340
139.000000	-139.631060	112.595630	20.288000	5255053535075287040.000000	2.956861
140.000000	-142.182780	-158.883640	17.120000	5255051576570052608.000000	2.578448
141.000000	-140.394270	49.846680	17.300000	5255053500715515904.000000	2.385485
142.000000	-153.066190	-1.684800	19.710000	5255051954527252480.000000	2.864453
143.000000	-158.396980	199.116610	17.934000	5255056593092042752.000000	2.468513
144.000000	-165.798350	-199.233950	20.420000	5255051198612891648.000000	4.049307
145.000000	-167.841820	-190.200760	17.780000	5255051198612895744.000000	2.449820
146.000000	-166.735100	-20.206950	15.880000	5255051988886972416.000000	2.371091
147.000000	-168.019230	-10.920720	20.120000	5255051984567307264.000000	2.760512
148.000000	-173.751020	-292.341440	18.560000	5255051061173878784.000000	2.582063
149.000000	-171.005800	122.959270	18.394000	5255056455653036032.000000	2.756619
150.000000	-171.203530	108.558970	17.691000	5255053500715528192.000000	2.745740
151.000000	-182.950640	-164.302740	17.470000	5255051404771333120.000000	3.319521
152.000000	-184.690210	-94.429260	19.000000	5255051782728494080.000000	2.453989
153.000000	-187.134370	182.731470	17.736000	5255056490012798976.000000	2.514397
154.000000	-192.364440	-288.913790	18.930000	5255051061156170752.000000	2.535228
155.000000	-192.842530	9.922150	20.042000	5255051988886974464.000000	3.206223
156.000000	-196.745750	-257.852770	20.250000	5255051061173886976.000000	4.171577
157.000000	-195.802300	-147.042930	20.860000	5255051404771335168.000000	2.694845
158.000000	-201.157720	-68.643590	20.360000	5255051885807712256.000000	4.147205
159.000000	-209.057730	-285.773670	15.260000	5255051056848613376.000000	4.143257
160.000000	-209.825110	-230.190800	19.890000	5255051370411539456.000000	2.961707
161.000000	-214.801540	19.209040	20.410000	5255054939505230848.000000	2.826828
162.000000	-218.289630	-260.877990	20.320000	5255051267332301824.000000	2.691500
163.000000	-224.405000	15.879530	19.891000	5255054943824460800.000000	2.830619
164.000000	-227.703160	21.309360	18.920000	5255054943824461824.000000	2.660049
165.000000	-232.179060	-125.759560	19.430000	5255051469166159872.000000	2.693134
166.000000	-237.539000	-213.862310	19.840000	5255051370411532288.000000	2.771322
167.000000	-235.496180	77.022540	20.553000	5255054973859596288.000000	2.942582
168.000000	-237.867680	-157.630760	20.330000	5255051434806392832.000000	2.734377
169.000000	-241.493180	-4.889540	19.910000	5255054840745225216.000000	2.734852
170.000000	-242.725190	-15.404050	19.850000	5255054840745218048.000000	3.039384
171.000000	-242.376570	82.228930	19.781000	5255054943824486400.000000	2.880949
172.000000	-243.087660	38.271370	20.015000	5255054943803575296.000000	2.746209
173.000000	-247.660950	-87.954300	16.680000	5255051851447938048.000000	2.563312
174.000000	-257.542820	-83.979020	19.320000	5255054428428311552.000000	2.437699
175.000000	-261.656930	-203.580330	16.670000	5255051336051784704.000000	3.527447
176.000000	-263.086960	-55.226910	20.160000	5255054806385448960.000000	2.725084
177.000000	-263.214030	102.849330	20.109000	5255055012543962112.000000	2.679185
178.000000	-271.319990	-2.828990	19.250000	5255054840745209856.000000	2.601034
179.000000	-277.082460	-8.566120	20.760000	5255054806385464320.000000	3.073070
180.000000	-282.218020	-172.990680	20.220000	5255051336051791872.000000	2.741013
181.000000	-287.262160	-96.070290	20.310000	5255054428407124992.000000	3.029831
182.000000	-295.258420	-39.749400	20.220000	5255054875110158336.000000	3.061145
184.000000	-305.389520	-154.435180	19.880000	5255054286664685568.000000	5.130487
185.000000	-309.213240	-148.828920	18.460000	5255054290989289472.000000	2.600038
186.000000	-318.746150	-21.917170	20.240000	5255054497147787264.000000	2.827561
187.000000	324.181980	-31.795720	20.229000	5255040989445997568.000000	2.623722
188.000000	319.606870	-10.975400	18.646000	5255040993770978304.000000	2.627144
189.000000	315.600770	-118.965350	17.637000	5255040787612489728.000000	2.330507
190.000000	311.967510	-148.620030	19.931000	5255040787612470272.000000	2.724398
191.000000	308.282090	-15.013920	17.923000	5255040993770971136.000000	2.642475
192.000000	308.198630	-5.041660	18.231000	5255040993770974208.000000	2.321705
193.000000	294.649960	-71.752050	17.667000	5255040890691717120.000000	2.382196
194.000000	293.673290	-55.405590	19.920000	5255040890691726336.000000	3.308279
195.000000	281.505500	-33.920460	17.009000	5255040890691730432.000000	2.927064
196.000000	275.820570	-200.947970	15.673000	5255040370969978880.000000	2.095837
197.000000	276.386620	-9.464530	20.551000	5255040890691742720.000000	2.962053
198.000000	274.350340	-74.224100	18.985000	5255040856331967488.000000	3.942788
199.000000	268.532430	19.353330	19.628000	5255052744801487872.000000	2.948772
200.000000	260.600990	-136.869780	18.734000	5255040478374800384.000000	2.860716
201.000000	259.822570	-194.900310	18.339000	5255040375295554560.000000	2.544256
202.000000	261.065380	94.465970	20.230000	5255052779161261056.000000	4.048266
203.000000	260.976850	112.358220	19.261000	5255052843555830784.000000	2.573769
204.000000	257.182800	21.214080	18.043000	5255052744801483776.000000	2.415017
205.000000	254.184440	-211.412330	17.477000	5255040375295541248.000000	2.662183
206.000000	252.837980	-256.805680	18.970000	5255040272216297472.000000	2.566340
207.000000	256.050920	129.864830	19.425000	5255058723396015104.000000	2.646453
208.000000	254.361540	147.868470	16.994000	5255058723396514816.000000	2.608822
209.000000	253.001050	140.815300	20.665000	5255058719072692224.000000	2.659778
210.000000	248.906730	-71.792820	14.234000	5255040852006312960.000000	1.782922
211.000000	247.652010	-37.554130	19.911000	5255052641722231808.000000	2.678628
212.000000	248.480310	64.828460	19.838000	5255052740476587008.000000	2.455195
213.000000	243.488170	-112.281860	17.973000	5255040478374805504.000000	2.541589
214.000000	239.914420	-230.067080	17.604000	5255040340935784448.000000	2.505996
215.000000	238.003530	96.925670	14.367000	5255052847880728576.000000	1.813412
216.000000	232.263010	-183.791900	19.788000	5255040444015022080.000000	2.950697
217.000000	234.163570	47.793060	19.997000	5255052813520961536.000000	2.761515
218.000000	233.683250	137.542230	17.309000	5255052847880745984.000000	3.643261
219.000000	227.872410	-223.095630	19.724000	5255040340935781376.000000	2.414893
220.000000	224.027510	-262.832550	20.551000	5255040302251087872.000000	3.044383
222.000000	223.799430	-132.043700	19.790000	5255040478374782976.000000	2.604156
223.000000	225.438040	142.957930	19.116000	5255052847880742912.000000	2.615762
225.000000	218.492680	-147.009990	19.824000	5255040444015693824.000000	2.754655
226.000000	219.316680	46.704970	17.057000	5255052710441738240.000000	2.460795
227.000000	214.875480	-283.011920	14.336000	5255040306575997952.000000	2.256574
228.000000	213.018790	9.564180	18.004000	5255052710441713664.000000	2.335195
229.000000	207.063070	-221.365990	18.330000	5255040340935768064.000000	2.817131
230.000000	204.791010	-267.406250	19.636000	5255040306576002048.000000	2.596373
231.000000	203.744550	-7.375820	19.431000	5255052671757061120.000000	2.571167
232.000000	199.930190	-51.397510	19.850000	5255052607362458624.000000	2.945982
233.000000	199.644870	39.431130	19.768000	5255052710441723904.000000	2.541420
234.000000	199.260730	191.964100	19.958000	5255058929554447360.000000	2.960909
235.000000	195.327800	-180.090240	19.756000	5255052091966309376.000000	3.015584
236.000000	198.090430	166.117960	19.642000	5255053054039171072.000000	2.668043
237.000000	193.053510	-184.658580	19.569000	5255052091966304256.000000	2.817663
238.000000	189.802780	-256.509610	19.085000	5255040306575998976.000000	2.571883
239.000000	189.655230	-16.280840	19.441000	5255052671757056000.000000	2.809595
240.000000	187.342300	-183.821540	18.188000	5255052087641401344.000000	2.884976
241.000000	187.156690	-139.901160	17.666000	5255052195045540864.000000	4.149665
242.000000	187.092450	64.255300	19.455000	5255052710442295296.000000	2.567139
243.000000	181.242620	-260.204400	20.061000	5255040306575992832.000000	2.931228
244.000000	179.970040	-202.242330	20.313000	5255052091966285824.000000	2.685204
245.000000	177.612740	-103.958630	15.349000	5255052190720664576.000000	2.421781
246.000000	167.280280	-278.400210	20.402000	5255038824782330880.000000	2.811344
247.000000	170.828320	154.279580	19.775000	5255053054039151616.000000	3.169394
248.000000	169.042580	9.129870	19.501000	5255052676081951744.000000	2.820712
249.000000	158.916450	-80.064460	20.406000	5255052263765036032.000000	2.749042
250.000000	153.969270	-215.670260	20.009000	5255052057606522880.000000	3.009822
251.000000	153.515520	-244.469750	18.696000	5255050580137758720.000000	3.139038
252.000000	151.625650	-291.375480	18.671000	5255050580137732096.000000	2.579314
253.000000	152.287450	-197.956080	20.139000	5255052057606532096.000000	4.360201
254.000000	148.084100	-180.382800	19.021000	5255052057606539264.000000	2.575409
255.000000	146.840460	-203.781320	19.752000	5255052057606525952.000000	2.934861
256.000000	144.619090	-120.906490	19.263000	5255052160685790208.000000	4.486285
257.000000	143.559230	-142.397250	20.243000	5255052160685773824.000000	2.851778
258.000000	140.223510	-124.861300	20.113000	5255052156366034944.000000	2.746537
259.000000	137.667890	-344.278840	17.111000	5255038794747435008.000000	2.322410
260.000000	138.592430	-44.363320	18.320000	5255052298124781568.000000	2.622463
261.000000	135.988980	239.536000	20.394000	5255053118433818624.000000	2.734996
262.000000	130.887330	-317.523170	19.539000	5255050541453093888.000000	2.739474
263.000000	128.976590	-122.688720	20.594000	5255052156360912896.000000	2.890019
264.000000	125.072710	-352.077090	20.191000	5255050442698731520.000000	2.796555
265.000000	129.120210	130.211360	19.126000	5255052985319640064.000000	2.718295
266.000000	128.430820	63.360020	16.208000	5255052882240389120.000000	2.117365
267.000000	127.322480	218.629400	19.880000	5255053118433807360.000000	2.868152
268.000000	122.015300	-331.157870	17.947000	5255050442698739712.000000	2.424363
269.000000	122.397310	-204.905960	20.117000	5255052126325989376.000000	2.724533
270.000000	121.829480	-264.269500	19.401000	5255050580137730048.000000	2.913798
271.000000	121.531000	-75.124930	18.217000	5255052469923446784.000000	3.841003
272.000000	121.309240	-61.012690	19.898000	5255052465598599168.000000	2.880208
273.000000	117.215590	-238.020850	20.266000	5255050575812877312.000000	2.767820
274.000000	116.474260	-310.920310	14.898000	5255050541452537856.000000	2.389740
275.000000	119.968900	161.180830	19.438000	5255053088398866432.000000	2.645350
276.000000	118.416490	136.018340	20.383000	5255052985319638016.000000	3.158194
277.000000	115.763870	-32.099210	17.391000	5255052469923467264.000000	2.416613
278.000000	112.952230	223.287690	20.094000	5255053878672877568.000000	2.869469
279.000000	110.281010	-51.030080	19.920000	5255052469923452928.000000	2.808083
280.000000	112.355280	207.520220	19.419000	5255053844313131008.000000	3.155679
281.000000	104.832020	-345.253690	20.152000	5255050438373862400.000000	2.788066
282.000000	106.064970	-158.666380	20.488000	5255052126326004736.000000	2.871284
283.000000	107.322250	51.536650	18.236000	5255052950959847424.000000	2.485095
284.000000	104.429650	-78.240880	19.789000	5255052362519372800.000000	3.052128
285.000000	102.074020	-94.942870	20.538000	5255052362519360512.000000	2.918075
286.000000	101.105810	-167.302120	19.858000	5255052126325996544.000000	3.411736
287.000000	101.034520	-144.190040	20.063000	5255052126331144192.000000	2.711548
288.000000	99.502920	-131.624750	20.111000	5255052122001169408.000000	2.568060
289.000000	100.059910	58.598900	20.423000	5255052950959846400.000000	2.716337
290.000000	100.127780	96.578860	20.480000	5255052950959867904.000000	3.055575
291.000000	95.505860	-184.433570	19.239000	5255052126325985280.000000	3.028970
292.000000	97.033920	69.365370	19.302000	5255052950959850496.000000	2.521425
293.000000	96.157700	41.682060	19.484000	5255052573002712064.000000	2.855603
294.000000	94.758880	-73.552880	20.543000	5255052362519373824.000000	2.651913
295.000000	97.536530	241.661150	18.935000	5255053878672878592.000000	2.643668
296.000000	86.331290	-257.830740	20.315000	5255050614497452032.000000	3.146455
297.000000	85.195730	-197.817840	19.924000	5255050644532380672.000000	3.384073
298.000000	86.699360	1.909220	20.276000	5255052568677854208.000000	2.818244
299.000000	80.677290	-94.530640	20.326000	5255052362519362560.000000	2.920704
300.000000	76.494270	-336.592260	18.903000	5255050442698713088.000000	2.566450
301.000000	79.513550	12.138180	20.647000	5255052573002686464.000000	2.592290
302.000000	80.341460	164.345710	20.746000	5255053741233874944.000000	3.870800
303.000000	76.222420	-222.507850	20.534000	5255050648857204736.000000	2.797838
304.000000	79.695350	260.142270	19.117000	5255053878672878592.000000	2.595081
305.000000	74.158340	-41.462420	18.784000	5255052538643599360.000000	2.584646
306.000000	74.353060	38.745480	20.473000	5255052568677879808.000000	2.638707
307.000000	70.453130	-291.552450	17.843000	5255050511418210304.000000	2.440569
308.000000	68.303390	-248.387130	16.361000	5255050614497446912.000000	2.335214
309.000000	71.845250	221.051120	15.286000	5255053839987409920.000000	4.097263
310.000000	65.630820	-30.405480	19.535000	5255052538642916352.000000	2.647036
311.000000	67.869020	236.533450	20.007000	5255053844313121792.000000	2.693054
312.000000	66.091330	47.822290	20.174000	5255052573002695680.000000	3.024098
313.000000	59.950960	-350.694910	17.330000	5255050477058434048.000000	2.521027
314.000000	58.298620	-210.149800	19.492000	5255050816331065344.000000	2.924631
315.000000	59.447410	97.433760	18.267000	5255053706874088448.000000	2.595935
316.000000	57.250360	-50.489210	19.985000	5255052435564382208.000000	2.731344
317.000000	57.273340	150.930840	19.672000	5255053741233855488.000000	4.054546
318.000000	54.526830	29.216070	18.577000	5255052538622543872.000000	3.904034
319.000000	51.313990	-219.938630	19.799000	5255050816331060224.000000	3.008143
320.000000	54.585940	159.896090	19.921000	5255053741233858560.000000	2.993170
321.000000	52.912070	-7.359220	19.508000	5255052538642921472.000000	2.985350
322.000000	48.767450	28.210540	19.543000	5255052538642939904.000000	4.104595
323.000000	47.002700	-117.948790	19.760000	5255052332484423680.000000	2.855659
324.000000	46.961430	-84.180760	20.496000	5255052401183299584.000000	2.978908
325.000000	44.592470	-305.400100	20.645000	5255050507093360640.000000	2.851770
326.000000	46.364250	-79.572530	18.487000	5255052401203920896.000000	2.562866
327.000000	46.598200	244.535530	19.717000	5255053913032590336.000000	3.363502
328.000000	42.418720	262.825100	20.372000	5255053908707817472.000000	2.766724
329.000000	38.531740	-109.377780	20.576000	5255052401203898368.000000	3.121576
330.000000	36.351180	0.962920	16.520000	5255052538642917376.000000	2.292882
331.000000	35.620130	-14.372860	18.609000	5255052435563693056.000000	2.749246
332.000000	32.054430	-378.080300	19.016000	5255050099101281280.000000	2.598397
333.000000	23.799920	-277.962130	20.273000	5255050717576622080.000000	3.009179
334.000000	24.607510	-139.038140	18.241000	5255050923735128064.000000	2.423048
335.000000	23.304130	63.354150	17.332000	5255053328916926464.000000	2.520450
336.000000	21.076940	-98.609450	18.436000	5255052401203896320.000000	2.732492
337.000000	22.033660	171.606430	19.794000	5255053771268808704.000000	2.650081
338.000000	20.737350	143.022640	18.308000	5255053775593568256.000000	2.621860
339.000000	20.024130	118.722750	20.106000	5255053328916955136.000000	3.226317
340.000000	16.138920	23.539320	19.763000	5255053290237815808.000000	1.659782
341.000000	16.019080	-194.404720	19.943000	5255050820655877120.000000	2.692031
342.000000	15.746670	-58.756630	20.155000	5255052401203914752.000000	2.959512
343.000000	12.671070	-130.936280	19.830000	5255050923735126016.000000	2.860472
344.000000	14.903160	166.963520	20.829000	5255053771268804608.000000	4.167589
345.000000	12.550120	-72.832260	20.360000	5255052401203904512.000000	3.066980
346.000000	10.134590	-88.888030	19.170000	5255052401203895296.000000	3.761374
347.000000	10.422530	92.803960	20.570000	5255053328916934656.000000	2.813019
348.000000	4.917100	-299.919910	19.460000	5255050683216860160.000000	2.908858
349.000000	4.395420	-197.895740	19.250000	5255050889375344640.000000	2.559900
350.000000	5.129100	-1.299710	18.489000	5255053191477923840.000000	2.695758
351.000000	1.822450	-71.967620	19.990000	5255052396879116288.000000	2.757490
352.000000	1.369870	35.456390	16.303000	5255053294557159424.000000	2.090463
353.000000	-3.098420	-5.511640	18.900000	5255053191477916672.000000	4.353552
354.000000	-2.974320	117.356380	19.866000	5255053397636415488.000000	2.576390
355.000000	-9.121270	-335.776240	19.710000	5255050305259711488.000000	2.798360
356.000000	-10.240800	-375.952450	20.280000	5255050305259685888.000000	3.423265
357.000000	-11.761420	-378.904600	19.560000	5255050270899944448.000000	2.799325
358.000000	-10.915660	-121.756110	17.850000	5255050923735889920.000000	4.185518
359.000000	-8.327620	237.128220	19.821000	5255054016111770624.000000	2.640260
360.000000	-10.943210	-18.148100	19.980000	5255053191477902336.000000	2.899798
361.000000	-13.495080	-257.476490	19.100000	5255050683216873472.000000	2.579013
362.000000	-12.169230	-105.880220	16.630000	5255050923735126016.000000	2.342984
363.000000	-16.182810	-217.408770	17.170000	5255050786296108032.000000	2.621648
364.000000	-12.745030	191.515780	17.614000	5255053775593576448.000000	3.832094
365.000000	-18.899280	-236.669190	18.110000	5255050786296097792.000000	2.658830
366.000000	-17.244510	-19.696830	18.540000	5255053152793396224.000000	2.748491
368.000000	-17.537990	250.555250	15.838000	5255054016111773696.000000	2.328843
369.000000	-19.949040	192.378810	18.644000	5255053981752002560.000000	2.654709
370.000000	-21.258710	88.410530	18.443000	5255053363276652544.000000	2.587863
371.000000	-24.558500	47.909900	16.050000	5255053260197414912.000000	2.068796
372.000000	-25.533820	106.085710	19.091000	5255053363276660736.000000	2.603266
373.000000	-26.083410	209.765660	20.673000	5255053981752008704.000000	3.455042
374.000000	-34.177600	-373.940880	20.390000	5255050270899934208.000000	2.929719
375.000000	-36.075590	-324.225290	19.900000	5255050305264949248.000000	2.880854
376.000000	-33.642210	43.371710	20.309000	5255053260197403648.000000	2.955896
377.000000	-33.712540	230.211790	17.096000	5255053981752015872.000000	2.322431
378.000000	-36.862270	-121.293260	18.130000	5255051645289608192.000000	2.411563
379.000000	-39.329950	-287.614220	16.790000	5255050751936321536.000000	2.409250
380.000000	-40.441290	-53.650390	19.540000	5255053157118132224.000000	3.896977
381.000000	-40.050380	81.277760	17.928000	5255053363276638208.000000	2.813145
382.000000	-43.786480	109.464470	20.732000	5255053363276651520.000000	6.397775
383.000000	-45.590180	71.843790	20.169000	5255053363276631040.000000	2.891607
384.000000	-52.296800	-344.499310	19.540000	5255050339619417088.000000	2.567296
385.000000	-52.649260	-242.655240	20.500000	5255050751936335872.000000	3.859798
386.000000	-54.240730	-331.036130	19.530000	5255050373979161600.000000	2.679555
387.000000	-53.898370	37.604350	20.253000	5255053260176811008.000000	2.685549
388.000000	-60.939290	56.897010	14.868000	5255053260197394432.000000	2.036240
389.000000	-61.935500	-55.387520	18.980000	5255051748368846848.000000	2.853028
390.000000	-62.978650	-39.404060	20.710000	5255051744054863872.000000	2.886228
391.000000	-64.700540	-180.093050	16.340000	5255051542211178496.000000	2.068395
392.000000	-67.430290	-292.666720	19.630000	5255050373979175936.000000	5.279184
393.000000	-67.124680	-223.402430	17.770000	5255051507850583040.000000	3.210457
394.000000	-69.818530	-79.763840	19.810000	5255051744044083200.000000	3.002440
395.000000	-70.230500	-58.056080	20.410000	5255051748368838656.000000	5.097637
396.000000	-74.057490	-328.922710	19.680000	5255050339619412992.000000	2.570175
397.000000	-75.277240	87.272920	14.965000	5255053466355834880.000000	4.408091
398.000000	-76.329680	27.080240	20.399000	5255053225837629440.000000	2.880606
399.000000	-80.880440	-337.423140	18.120000	5255050339619403776.000000	2.397862
400.000000	-81.839830	-258.367600	17.550000	5255051129893434368.000000	2.400542
401.000000	-82.935870	-193.280250	20.660000	5255051507832804352.000000	2.802246
402.000000	-83.454640	-98.852530	18.160000	5255051714009070592.000000	2.513367
403.000000	-82.211570	127.624420	19.372000	5255053569435069440.000000	2.786085
404.000000	-84.591970	-133.197350	19.310000	5255051542210360320.000000	2.695166
405.000000	-87.069510	-169.343150	17.010000	5255051537885601792.000000	3.692288
406.000000	-88.241220	43.848120	20.249000	5255053431996062720.000000	3.084176
407.000000	-90.987460	-0.757940	20.490000	5255053225837608960.000000	4.704989
408.000000	-92.076240	-97.058820	18.120000	5255051714009066496.000000	2.606331
409.000000	-93.658350	-139.576070	20.030000	5255051610929827840.000000	2.717706
410.000000	-97.638060	-354.643650	17.840000	5255050236540169216.000000	2.709194
411.000000	-92.694700	212.108910	20.280000	5255053672514323456.000000	2.596179
412.000000	-94.622030	94.459300	17.167000	5255053466355826688.000000	2.261487
414.000000	-97.896500	-192.787500	15.950000	5255051507850582016.000000	2.025467
415.000000	-99.413050	-310.508970	18.790000	5255051095533652992.000000	2.769471
416.000000	-98.271910	-110.527720	19.610000	5255051714009055232.000000	2.810500
417.000000	-99.882020	-225.693180	17.310000	5255051507850564608.000000	2.468664
418.000000	-97.442270	52.949040	19.375000	5255053431996062720.000000	2.601458
419.000000	-99.728140	224.559330	20.493000	5255053672514326528.000000	2.776539
420.000000	-101.524420	240.037860	17.925000	5255053672514334720.000000	2.742673
421.000000	-104.814660	-36.265190	18.950000	5255051748368830464.000000	2.482759
422.000000	-111.176360	-127.386960	20.170000	5255051610929825792.000000	2.974075
423.000000	-112.470850	-3.980080	17.410000	5255051954527276032.000000	2.518341
424.000000	-117.499820	-191.977050	17.740000	5255051576570049536.000000	2.445351
425.000000	-116.703830	34.787920	20.672000	5255053431996043264.000000	2.974870
426.000000	-117.365580	-13.272750	16.620000	5255051954527265792.000000	2.457962
427.000000	-121.207470	-345.521100	18.870000	5255050992454404096.000000	2.647897
428.000000	-118.594280	128.206150	19.581000	5255053535075308544.000000	2.714009
429.000000	-123.245680	-123.618710	20.080000	5255051610929820672.000000	2.667351
430.000000	-124.438280	-128.371950	20.430000	5255051610908869632.000000	2.860622
431.000000	-126.578540	-335.734610	19.770000	5255050992455358464.000000	2.743017
432.000000	-131.357740	27.752840	18.848000	5255051954527281152.000000	2.608279
433.000000	-131.839560	-13.395720	16.860000	5255051954527257600.000000	2.426743
434.000000	-131.213000	145.257120	19.511000	5255053535075311616.000000	2.775635
435.000000	-134.842280	122.141090	20.371000	5255053535075296256.000000	2.839805
436.000000	-138.028260	62.341420	16.156000	5255053500715522048.000000	2.393054
437.000000	-139.315380	122.604010	19.355000	5255053535075293184.000000	2.555533
438.000000	-140.492070	71.410590	20.306000	5255053500715526144.000000	2.862255
439.000000	-143.864160	-148.337630	19.930000	5255051572245350400.000000	2.768161
440.000000	-143.935750	-133.973690	19.600000	5255051576570064896.000000	2.760053
441.000000	-149.060940	-258.468170	19.990000	5255051164254051328.000000	3.035212
442.000000	-145.880370	123.892250	19.386000	5255053535075289088.000000	2.577711
443.000000	-147.256610	74.678520	17.270000	5255053500715524096.000000	2.953003
444.000000	-148.788220	-83.111530	17.290000	5255051817088258048.000000	4.467365
445.000000	-153.603700	-334.326130	20.770000	5255050992454391808.000000	4.063190
446.000000	-149.783200	118.919470	18.439000	5255053535075283968.000000	2.640208
447.000000	-154.655830	-318.991430	19.400000	5255050992454398976.000000	2.762469
448.000000	-152.022090	106.604650	20.199000	5255053500715537408.000000	2.698487
449.000000	-155.864620	-266.864830	18.840000	5255051164254051328.000000	2.609361
450.000000	-156.082550	69.555420	20.558000	5255053500715516928.000000	2.548398
451.000000	-159.207490	-246.889160	18.730000	5255051159928430592.000000	2.771182
452.000000	-157.109250	188.174270	19.417000	5255056593092034560.000000	2.846930
453.000000	-161.280050	-255.747940	17.220000	5255051164253123584.000000	2.569134
454.000000	-160.007890	55.798260	15.288000	5255052023246757888.000000	3.366564
455.000000	-159.642360	219.131020	20.519000	5255056593092826112.000000	2.699908
456.000000	-164.273580	145.900660	19.354000	5255056490017925120.000000	2.748569
457.000000	-171.052550	143.119240	14.636000	5255056485687266304.000000	2.301393
458.000000	-174.544870	-219.730380	19.550000	5255051159928448000.000000	2.791148
459.000000	-176.493600	-275.461380	18.520000	5255051061156176896.000000	2.706390
460.000000	-179.088460	80.827470	20.478000	5255053500715510784.000000	2.807134
461.000000	-180.202200	-13.026330	20.400000	5255051988886970368.000000	3.215958
462.000000	-181.564210	83.451780	20.723000	5255053496390849536.000000	2.894721
463.000000	-187.147170	-160.025180	19.390000	5255051404771332096.000000	2.782759
464.000000	-188.902770	-150.919910	16.260000	5255051404771338240.000000	2.642692
465.000000	-189.578640	-67.256810	20.500000	5255051881483047936.000000	2.874090
466.000000	-194.587680	-157.768980	17.180000	5255051404771329024.000000	2.604572
467.000000	-196.130390	-301.771930	14.410000	5255051056848613376.000000	1.991348
468.000000	-194.499550	-100.024720	19.800000	5255051778403813376.000000	2.713986
469.000000	-196.423470	67.264470	20.513000	5255054978184242176.000000	2.727287
470.000000	-204.865870	-278.782420	20.630000	5255051056854367232.000000	2.815427
471.000000	-207.460330	-297.938950	18.110000	5255051061173857280.000000	2.453862
472.000000	-205.313490	47.953630	20.188000	5255054978184226816.000000	2.721091
473.000000	-207.545980	194.506150	19.928000	5255056558732269568.000000	3.131152
474.000000	-211.289410	-87.848980	20.370000	5255051851447958528.000000	2.702813
475.000000	-211.291430	-14.228830	20.430000	5255051885807736832.000000	3.138532
476.000000	-214.449070	35.517700	18.929000	5255054943824475136.000000	2.731568
477.000000	-217.539430	-244.784570	20.200000	5255051263007648768.000000	2.837924
478.000000	-219.046660	-253.211330	20.380000	5255051267332305920.000000	2.988053
479.000000	-217.317380	-16.111550	19.560000	5255051885807732736.000000	3.356839
480.000000	-216.971620	44.045200	19.072000	5255054943824480256.000000	4.137142
481.000000	-218.579200	-51.321910	20.380000	5255051885807712256.000000	2.967917
482.000000	-218.621160	21.866180	19.959000	5255054943824465920.000000	2.728768
483.000000	-219.340070	-32.279250	18.820000	5255051885807722496.000000	2.541886
484.000000	-217.865570	136.635820	20.431000	5255056455653017600.000000	2.813013
485.000000	-223.561570	-222.943540	20.130000	5255051370411536384.000000	2.802916
486.000000	-221.394310	107.541320	19.888000	5255054973859616768.000000	2.688079
487.000000	-224.057020	-93.056080	18.980000	5255051851447951360.000000	2.708207
488.000000	-226.353710	-270.972940	17.200000	5255051267332291584.000000	2.517226
489.000000	-228.534090	-248.872980	17.460000	5255051267332302848.000000	2.393306
490.000000	-226.045530	174.096880	19.395000	5255056524372508672.000000	2.630445
491.000000	-235.861890	96.749880	19.098000	5255054978184236032.000000	2.684283
492.000000	-237.594010	44.078340	20.602000	5255054943824467968.000000	3.128711
493.000000	-243.388680	-73.509550	18.290000	5255051851447951360.000000	2.530070
494.000000	-249.291580	-106.857720	17.720000	5255051473490802688.000000	2.400187
495.000000	-250.731170	-138.828820	19.530000	5255051473490784256.000000	2.778840
496.000000	-251.961010	-235.923750	19.700000	5255051267332296704.000000	2.672929
497.000000	-253.501220	-210.402880	17.230000	5255051336051785728.000000	2.465428
498.000000	-252.702930	-55.060670	18.070000	5255054806385454080.000000	2.632941
499.000000	-256.705450	-119.185340	18.370000	5255051473490790400.000000	2.439093
500.000000	-257.620180	-47.799070	17.820000	5255054806385455104.000000	2.450299
501.000000	-260.086310	-150.044710	19.810000	5255051439131033600.000000	3.306319
502.000000	-260.673910	-163.510030	19.680000	5255051439131023360.000000	2.722461
503.000000	-278.435410	-208.730030	19.220000	5255051336051771392.000000	2.902205
504.000000	-282.255980	-71.650360	20.290000	5255054424103686144.000000	2.853030
505.000000	-281.674460	-2.024740	16.510000	5255054870780332032.000000	3.480763
506.000000	-289.635640	-188.200380	17.570000	5255051336051778560.000000	2.542614
507.000000	-290.070740	-143.093230	20.540000	5255054394073799680.000000	3.582480
508.000000	-294.126090	-64.766740	14.560000	5255054428428299264.000000	1.811448
509.000000	-294.929510	55.903790	20.020000	5255054909464705024.000000	2.968572
510.000000	-300.006980	-43.181150	16.800000	5255054497147783168.000000	2.358993
511.000000	-304.152910	-83.835720	19.940000	5255054428428282880.000000	2.646879
512.000000	-310.477470	-24.271590	18.240000	5255054875104911360.000000	2.897328
513.000000	-313.160630	-67.874740	18.780000	5255054497153021952.000000	2.755544
514.000000	-317.463630	-46.897900	18.630000	5255054497147771904.000000	2.460408
515.000000	287.518920	-9.742570	18.330000	5255040993770960896.000000	2.782664
516.000000	281.384270	-124.640530	20.024000	5255040856331943936.000000	2.655268
517.000000	259.551990	58.505120	19.489000	5255052740476581888.000000	2.871210
518.000000	242.158000	-124.051210	20.175000	5255040474055002112.000000	2.925446
519.000000	234.802560	21.367750	20.276000	5255052641722257408.000000	2.954879
520.000000	219.515400	-232.728110	20.643000	5255040340935769088.000000	3.227124
521.000000	221.181680	62.973600	14.009000	5255052813520962560.000000	1.934261
522.000000	191.652070	-85.260120	20.466000	5255052225080412160.000000	2.795256
523.000000	175.353850	-109.895320	19.024000	5255052195045552128.000000	3.249820
524.000000	172.148750	-231.966950	18.670000	5255052057606524928.000000	2.450752
525.000000	155.074160	-272.731820	19.318000	5255050580117010432.000000	-0.083800
526.000000	155.542260	104.368160	20.593000	5255052916580040704.000000	3.091196
527.000000	146.611320	-317.325330	20.407000	5255038790422569984.000000	3.212271
528.000000	122.188060	-268.085870	20.518000	5255050575818067968.000000	3.072882
529.000000	116.983710	121.079720	19.913000	5255052985319628800.000000	2.706015
530.000000	105.158580	-74.929520	20.315000	5255052465603676160.000000	2.709762
531.000000	98.746030	-302.120400	19.989000	5255050545777957888.000000	3.080230
532.000000	102.211150	109.753120	18.128000	5255052985319613440.000000	2.699451
533.000000	99.218690	7.983570	13.877000	5255052504288300032.000000	2.379333
534.000000	80.203850	-151.374360	20.661000	5255052332484423680.000000	5.837656
535.000000	76.305620	-205.659880	18.062000	5255050648857214976.000000	2.786309
536.000000	70.974070	8.507510	20.435000	5255052534318121984.000000	3.326720
537.000000	66.331400	-110.109890	19.033000	5255052332484439040.000000	2.652507
538.000000	56.170350	-263.824870	18.479000	5255050614497431552.000000	2.419395
539.000000	28.159660	78.509120	19.721000	5255053328917583872.000000	3.080011
540.000000	22.172820	38.190360	20.831000	5255053290232386560.000000	2.822316
541.000000	16.609980	-117.328760	17.625000	5255050923735136256.000000	2.408131
542.000000	6.186490	75.992240	19.653000	5255053290232411136.000000	2.902529
543.000000	-47.793950	-145.021120	15.350000	5255051640964162560.000000	4.377719
544.000000	-54.285030	-112.227850	18.600000	5255051645268790272.000000	2.895919
545.000000	-54.072860	102.620290	20.155000	5255053569435071488.000000	3.062158
546.000000	-58.469230	-90.269800	20.630000	5255051679649349632.000000	3.396603
547.000000	-59.690500	-225.954510	19.980000	5255050751936342016.000000	2.839632
548.000000	-78.108550	80.899120	19.455000	5255053466355828736.000000	3.302980
549.000000	-108.558390	-193.588650	20.520000	5255051507850575872.000000	3.163814
550.000000	-109.468430	-269.585610	20.750000	5255051129893407744.000000	4.656397
551.000000	-110.806580	-272.718850	19.010000	5255051129893404672.000000	2.950559
552.000000	-123.474640	206.717370	20.529000	5255053672514306048.000000	2.740702
553.000000	-131.785670	203.432580	20.085000	5255053638134128640.000000	3.630996
554.000000	-140.340450	34.834730	19.970000	5255051954527282176.000000	2.524138
555.000000	-151.722800	99.909020	19.602000	5255053500715534336.000000	4.013506
556.000000	-157.890230	-173.303260	17.660000	5255051576570036224.000000	2.604549
557.000000	-159.773720	-52.273560	20.580000	5255051920167484416.000000	2.795780
558.000000	-194.324460	-96.064430	20.560000	5255051782728486912.000000	2.958745
559.000000	-197.273610	-190.137440	17.690000	5255051404771308544.000000	3.797985
560.000000	-198.301410	-6.322740	19.860000	5255051988886962176.000000	3.103624
561.000000	-204.756320	62.246600	20.315000	5255054978184235008.000000	3.144885
562.000000	-215.304590	-146.428240	19.730000	5255051404771322880.000000	2.832837
563.000000	-219.839240	-196.368590	19.960000	5255051366086893568.000000	3.329560
564.000000	-223.511700	151.457530	19.469000	5255056524372499456.000000	2.934403
565.000000	-230.663060	-206.720890	20.670000	5255051370411540480.000000	2.735733
566.000000	-231.607730	-243.442840	19.520000	5255051267332303872.000000	2.989839
567.000000	-233.550130	-232.610560	20.120000	5255051267332307968.000000	2.606647
568.000000	-233.418350	-113.557920	19.650000	5255051473490807808.000000	2.869645
569.000000	-234.187970	-119.031430	18.450000	5255051473490804736.000000	2.389100
570.000000	-243.449540	-151.125910	19.500000	5255051473490781184.000000	2.729406
571.000000	-261.830310	-48.708150	19.290000	5255054806385453056.000000	2.630313
572.000000	-278.705790	10.150200	20.055000	5255054909464688640.000000	3.136629
573.000000	-304.112940	-157.131960	20.830000	5255054290968001536.000000	3.013477
574.000000	304.360040	-151.228560	16.865000	5255040787612465152.000000	2.617268
575.000000	252.540800	-208.420860	18.608000	5255040375295542272.000000	2.831871
576.000000	249.642610	-75.826350	16.929000	5255040856331952128.000000	2.380206
577.000000	228.779130	-98.896970	20.147000	5255052229405325312.000000	3.248488
578.000000	226.909250	64.726970	19.154000	5255052813520965632.000000	2.774594
579.000000	182.372070	-4.857580	17.053000	5255052676087007232.000000	2.439535
580.000000	172.440670	-306.487600	20.390000	5255038829086465024.000000	3.028102
582.000000	157.050260	-244.330310	20.235000	5255052053286821888.000000	2.799203
583.000000	136.838890	-324.765830	20.719000	5255050545777968128.000000	2.995909
585.000000	126.682820	25.489840	20.105000	5255052877915516928.000000	4.286832
587.000000	60.595760	-4.734830	19.925000	5255052538622482432.000000	2.761351
588.000000	20.935470	27.318580	19.448000	5255053294557166592.000000	4.082253
589.000000	9.435880	27.572030	15.453000	5255053294557160448.000000	2.056691
590.000000	-28.925390	-2.383070	18.350000	5255053191477902336.000000	2.479380
591.000000	-47.088680	186.215270	19.570000	5255053603794860032.000000	2.586449
592.000000	-99.010320	-249.560500	18.100000	5255051125568690176.000000	2.830958
594.000000	-195.324570	-173.142210	19.750000	5255051400446645248.000000	2.672215
595.000000	-194.763980	41.203110	18.773000	5255052018922075136.000000	2.986410
596.000000	-224.343950	-16.916430	17.750000	5255054836420581376.000000	2.502307
597.000000	-246.413440	-218.524180	20.090000	5255051336051784704.000000	4.436210
599.000000	-294.647400	-59.439990	18.820000	5255054428428302336.000000	2.584290
600.000000	-322.583060	-47.091500	16.550000	5255054497147768832.000000	2.316256
601.000000	181.865510	-111.776990	17.193000	5255052195045555200.000000	2.499393
602.000000	135.839370	-279.548560	18.482000	5255050580137729024.000000	2.856903
603.000000	-15.755260	118.255380	16.260000	5255053393317027840.000000	4.576751
604.000000	-114.532090	43.646010	16.955000	5255053431996048384.000000	2.758848
605.000000	-184.747610	-151.633460	19.590000	5255051404771341312.000000	2.901981
606.000000	-226.647790	-18.252740	19.770000	5255054840724287488.000000	2.902332
607.000000	148.549930	168.637070	20.025000	5255053084079400960.000000	1.051445
608.000000	12.360710	27.247770	17.607000	5255053294536684544.000000	2.525241
609.000000	-44.836910	-145.235980	17.320000	5255051645271771136.000000	2.903632
610.000000	249.696600	-67.294440	19.335000	5255040852012126208.000000	2.443536
611.000000	181.008750	-114.367700	20.288000	5255052195025136640.000000	2.944157
612.000000	6.267460	235.364340	18.442000	5255053809953349632.000000	2.772269
613.000000	-96.997070	-251.250860	18.630000	5255051129893427200.000000	2.560939
614.000000	-100.063170	-247.653370	18.980000	5255051129872333824.000000	3.042299
615.000000	173.699310	190.527560	19.778000	5255053054039170048.000000	2.797661
619.000000	-24.923210	142.193850	18.325000	5255053397616060416.000000	2.640557
