 1    331.29351    -80.36172 18.364
 2    327.03268    -70.88428 19.088
 3    320.23827    -13.05333 20.435
 4    316.36252    -89.40133 20.318
 5    314.19532    -16.85650 16.459
 6    294.16436     65.55258 20.346
 7    289.61595      6.37730 18.068
 8    283.39098   -181.96331 20.348
 9    278.06541   -200.81734 20.587
 10    271.27819    -97.19651 18.348
 11    271.76622     43.45496 16.444
 12    266.55681    -36.70784 20.308
 13    263.76715     -3.58280 20.318
 14    256.90194   -105.59507 19.659
 15    245.18083   -205.79959 19.103
 16    244.32280     -9.05771 20.503
 17    239.83082   -138.57870 20.183
 18    236.96468   -164.35018 19.056
 19    233.33881   -285.55683 18.125
 20    225.32629     15.59622 18.793
 21    221.87855   -244.60717 15.713
 22    221.33448     13.62219 18.531
 23    211.96902    -42.20030 16.783
 24    207.24948   -113.65379 18.279
 25    207.61535     28.11393 20.171
 26    196.74939   -160.69164 20.123
 27    192.16884    113.05873 19.26
 28    188.96196   -101.10146 17.758
 29    188.50660   -127.66893 20.177
 30    183.30414   -294.52281 18.999
 31    181.01518   -202.28777 17.574
 32    180.04320   -256.71872 19.509
 33    179.98483   -113.07837 20.361
 34    181.88658    167.28769 20.471
 35    177.60295   -165.38360 19.002
 36    175.44791   -133.73699 19.136
 37    173.62481   -268.84313 16.714
 38    176.76341    122.68976 20.71
 39    170.62743     39.06880 19.085
 40    169.90192     -4.88642 18.884
 41    168.39559    -30.73274 18.245
 42    167.64837     74.20821 15.901
 43    166.27176     89.36576 19.68
 44    162.24744     58.55416 19.276
 45    162.42551    144.66606 20.461
 46    160.27896     14.45624 20.23
 47    157.80222   -172.02132 18.215
 48    158.52791    114.50221 16.387
 49    154.83349   -189.08223 19.296
 50    154.84877     89.88204 20.04
 51    143.93221   -150.47924 16.803
 52    140.11530   -353.30006 20.35
 53    143.20939     63.00163 20.708
 54    142.33252    -15.22559 18.608
 55    138.57639   -310.24248 20.033
 56    134.66891   -299.72686 14.913
 57    132.65695    -75.51671 20.144
 58    131.25467   -206.84361 15.29
 59    130.34148   -118.42670 18.912
 60    129.47269     22.51415 15.061
 61    124.35605     37.09851 19.3
 62    118.14528   -288.51679 19.061
 63    119.69112     89.73435 19.278
 64    115.38014   -269.07458 20.406
 65    116.28063    211.45317 20.485
 66    108.63877    164.62286 18.909
 67     96.74530   -224.96122 19.624
 68     98.90577    205.88566 20.245
 69     95.97792     56.30745 15.009
 70     95.02883    -41.71997 15.537
 71     93.71605     85.14490 20.092
 72     90.22640    215.64716 19.723
 73     85.99180   -237.51864 20.249
 74     88.58848     55.23202 18.374
 75     86.68760    126.40517 18.134
 76     83.89946   -136.68134 16.281
 77     82.00402    -17.80824 20.433
 78     78.68801     96.16958 17.638
 79     78.78108    232.68165 20.443
 80     75.23043    -18.52467 17.845
 81     74.16597    -37.53214 17.13
 82     66.51528    -67.48054 20.538
 83     59.39693   -356.62992 20.251
 84     59.94881   -188.36582 16.814
 85     62.37629    173.90132 18.013
 86     60.46364     94.12607 17.138
 87     58.45673    -15.88915 19.147
 88     57.91470    -53.29295 18.47
 89     59.55005    133.07845 19.639
 90     54.91296     44.55620 17.969
 91     53.56639    -60.70732 16.903
 92     54.53874    118.10436 20.229
 93     48.77560    -67.97768 20.088
 94     46.12152     12.15917 17.969
 95     46.58435    210.55511 17.494
 96     43.96499     -0.94418 19.876
 97     43.25553     26.81203 16.813
 98     40.68768    -24.34325 19.165
 99     40.21139      9.06488 17.714
 100     41.01093    231.00477 20.026
 101     35.18461   -186.62991 18.827
 102     30.77533   -309.35312 19.983
 103     31.60141    111.30696 17.312
 104     29.42249   -121.54062 19.208
 105     28.74467    191.33559 19.72
 106     26.33066    -77.51203 18.338
 107     23.10930   -176.72754 20.434
 108     19.23777   -123.95096 20.637
 109     16.05198   -337.21487 15.835
 110     16.61786   -171.75867 20.002
 111     17.75668     10.25724 15.567
 112     14.26812   -276.26655 20.218
 113     12.71818   -173.37829 18.641
 114     13.16516    114.98173 16.259
 115      8.08326   -130.50194 17.468
 116      5.80372   -192.63787 20.579
 117      5.43007    -35.71380 18.831
 118      7.46864    228.05820 20.196
 119      5.86166    210.09425 17.914
 120      2.03128   -184.75377 20.221
 121      1.97115     49.82228 16.391
 122     -2.85968   -124.88575 16.362
 123     -7.66660   -134.85792 20.43
 124    -10.64690    -30.09808 20.218
 125    -17.32197     38.01329 16.459
 126    -18.30751    156.81321 16.986
 127    -22.24656    -60.87936 19.987
 128    -27.66413    -80.60827 18.895
 129    -33.09999   -201.49745 18.559
 130    -34.39833   -328.50596 19.718
 131    -47.24490    -55.80919 19.946
 132    -48.82727     73.93432 16.429
 133    -49.05175    178.91029 19.96
 134    -50.59674     61.98173 19.922
 135    -53.62495     28.93266 19.659
 136    -54.62632    169.94435 17.32
 137    -57.84084   -148.47696 15.894
 138    -60.16875   -178.64590 19.906
 139    -63.97399     44.37259 20.334
 140    -63.79825    226.10078 17.8
 141    -70.20179   -267.93041 20.441
 142    -71.24329   -204.39081 17.484
 143    -70.25227     63.19777 16.394
 144    -72.71944   -115.97545 19.699
 145    -76.65777    -43.32940 20.257
 146    -78.71357    134.68959 15.367
 147    -79.74835     55.23700 20.324
 148    -80.59764     64.23655 17.677
 149    -82.44376     81.22755 20.463
 150    -85.07997   -109.24999 20.227
 151    -83.89021    175.43880 20.392
 152    -87.24946    -41.42722 20.331
 153    -88.87624   -179.09226 16.506
 154    -92.52704   -273.84663 17.659
 155    -91.56366   -161.88587 20.546
 156    -88.79430    179.57597 18.398
 157    -92.79722    127.12150 19.438
 158    -97.41723   -333.21390 18.781
 159    -99.40101   -200.12294 18.076
 160    -98.25866    177.87805 18.383
 161   -111.15078    126.46097 20.581
 162   -114.95668   -169.42609 19.417
 163   -116.12814   -235.01910 20.548
 164   -117.10108   -203.44781 17.856
 165   -117.83227   -264.82849 18.084
 166   -114.10253    175.02280 20.206
 167   -118.53210   -258.96104 19.53
 168   -118.99417    215.55504 20.19
 169   -122.33700    -63.33988 19.563
 170   -125.25632     -3.11427 18.338
 171   -126.45420   -108.52335 14.41
 172   -125.19658    101.82585 20.401
 173   -131.42616   -209.50777 18.288
 174   -128.78437    123.81882 20.677
 175   -144.94222   -114.48018 20.37
 176   -145.22044     41.47167 18.762
 177   -146.48979      1.33040 19.553
 178   -159.94128   -108.51951 19.548
 179   -161.84104   -242.69379 18.968
 180   -168.74850    -59.13717 19.822
 181   -171.78719    143.57559 20.551
 182   -176.70340     31.86172 15.312
 183   -176.87164    120.45763 19.396
 184   -191.61939    -88.57684 20.236
 185   -203.46261     74.63171 19.763
 186   -205.74847    -89.67567 19.709
 187   -218.62566   -110.17803 19.062
 188   -230.11755    -42.29919 20.626
 189   -245.68863   -182.18436 19.205
 190   -246.18101      1.30725 17.632
 191   -246.00590     48.71964 19.068
 192   -248.63696   -145.75715 19.553
 193   -249.21214     34.60229 17.868
 194   -254.98659    -57.17166 18.291
 195   -259.22910    -19.34289 16.267
 196   -263.65688     50.48952 20.528
 197   -267.92853      7.56981 15.881
 198   -271.27072     69.91593 18.806
 199   -278.07626   -175.22128 16.538
 200   -282.53663   -190.67372 18.87
 201   -289.17684   -179.16642 20.59
 202   -295.31716    -69.30610 17.911
 203    331.66207    -56.89045 18.071
 204    326.66289    -27.82731 19.517
 205    324.27932   -153.64259 20.552
 206    323.22844      3.57228 18.316
 207    321.15863    -95.20760 20.722
 208    317.17396     -5.30676 18.218
 209    316.70692     13.27030 17.359
 210    311.63341    -71.53531 18.17
 211    309.24837   -173.95072 19.675
 212    305.12616     67.76260 18.527
 213    302.41507    -19.85617 20.292
 214    297.85205      9.16910 20.339
 215    292.64670    -94.60891 17.605
 216    285.11497   -228.29878 18.212
 217    286.31048    -44.52046 19.506
 218    283.41444   -202.87943 20.459
 219    280.26012    -75.86506 20.633
 220    277.73237    118.75620 19.575
 221    276.16710     48.95490 20.488
 222    270.38801    -53.09478 18.272
 223    267.28012   -186.32555 18.013
 224    265.63994   -101.36237 15.997
 225    260.66281    -41.12544 18.174
 226    260.72167    -31.58552 20.015
 227    259.34164    -48.68315 19.231
 228    254.00729   -257.29457 20.179
 229    255.15052    115.95246 16.771
 230    251.43618   -207.93403 20.465
 231    251.24343   -147.23753 16.054
 232    251.49932    104.87062 20.546
 233    246.46225   -259.22589 19.501
 234    246.64701    -83.79770 17.102
 235    243.03363   -243.12819 19.927
 236    242.55945    -55.31493 17.962
 237    237.00258   -259.78653 19.472
 238    231.52898    150.33500 19.605
 239    224.86414   -192.80750 16.136
 240    224.81933   -110.69124 20.578
 241    225.49144     69.05607 20.39
 242    225.30293     56.06033 13.449
 243    222.00095   -233.15931 19.88
 244    221.10383   -298.13820 19.703
 245    220.88876    -59.34927 20.253
 246    218.34260   -184.66177 18.88
 247    219.23123    176.77761 20.645
 248    214.30572     27.74447 18.404
 249    210.86202   -287.68329 17.605
 250    208.56637   -302.62011 18.9
 251    210.02570    -28.91353 19.817
 252    210.54553    115.33797 19.789
 253    205.72561   -285.66009 19.914
 254    197.61190    -66.55263 19.147
 255    195.45748   -229.55809 16.984
 256    192.44836    -79.50589 19.111
 257    194.37894    139.83991 20.171
 258    188.19192   -159.81658 20.517
 259    184.87118   -304.64079 18.854
 260    186.80958    -85.33073 18.514
 261    184.32256   -339.52423 19.774
 262    186.35052    -30.71808 18.993
 263    186.50382     24.43379 18.791
 264    181.80987   -120.89260 20.35
 265    177.50850    163.18894 20.723
 266    169.86403   -204.75864 16.483
 267    167.10369     96.88884 19.117
 268    161.27485   -235.38516 20.423
 269    158.87039   -316.74279 20.085
 270    160.93596    173.75572 19.359
 271    155.47541   -321.16721 20.056
 272    158.41697    209.07447 18.629
 273    155.37586    -32.55461 19.508
 274    148.53034   -359.46425 19.87
 275    150.25386    -69.59340 18.194
 276    149.01057   -194.98030 18.924
 277    151.30266     70.33766 17.341
 278    149.34794   -110.63253 18.852
 279    148.37304    160.48469 20.415
 280    143.08106     -4.78630 18.901
 281    140.34918    -82.36376 20.537
 282    138.96762    -93.77447 20.491
 283    139.05301    -47.40652 20.136
 284    134.52035   -231.00257 20.28
 285    134.92829   -106.15477 19.271
 286    133.53831    -33.43347 18.827
 287    130.27799   -166.95470 19.844
 288    130.17242    -94.70254 19.735
 289    121.91014   -320.66792 18.279
 290    125.15199     54.91785 19.147
 291    125.47675    139.94964 19.321
 292    122.57451   -101.60810 19.539
 293    117.93481    192.04784 19.192
 294    117.03827    180.45653 18.016
 295    113.98439    -83.27727 20.032
 296    115.05748     77.64198 20.413
 297    109.34551   -368.82631 14.668
 298    112.57603     90.89188 20.543
 299    105.66741   -360.68762 19.874
 300    103.47931     96.91046 20.574
 301    102.83173    137.80694 19.969
 302     99.09633   -206.71074 19.803
 303    100.68614     25.74034 19.17
 304     97.14339   -325.32970 20.538
 305     94.52060   -310.63997 13.519
 306     94.04714   -326.73171 20.477
 307     93.13292   -273.41500 18.435
 308     92.46624    -23.57436 18.91
 309     88.04303   -296.09196 16.769
 310     87.07735   -362.76358 15.613
 311     91.95303    205.38610 18.847
 312     88.56520   -161.63206 20.536
 313     87.21020    -63.49520 17.281
 314     84.44647   -101.50963 19.967
 315     83.35789     26.14702 20.858
 316     80.82968    112.62044 14.778
 317     78.76803      7.71751 20.561
 318     77.19287    104.16236 19.694
 319     76.46117     77.41473 19.806
 320     69.74174   -249.49816 16.796
 321     71.41272    -59.59880 19.617
 322     69.49812   -139.37393 17.607
 323     69.42944   -105.74988 18.397
 324     68.47499     66.18660 18.005
 325     66.97623    -27.41274 20.667
 326     64.67041   -284.27194 20.27
 327     66.76195    -34.75664 17.088
 328     66.31005     -7.18044 19.056
 329     63.42338   -244.95933 19.608
 330     62.88183   -280.13116 20.115
 331     64.25238    164.00052 20.404
 332     59.81419   -208.70579 19.186
 333     58.14929   -370.81347 20.529
 334     57.99495   -334.70530 19.815
 335     55.10961   -336.68421 19.325
 336     56.08183   -158.98829 20.181
 337     54.05680     12.01251 17.418
 338     53.27044     -3.35921 18.297
 339     52.52122     26.37706 19.02
 340     53.30549    213.21687 20.116
 341     47.93803   -310.97766 20.007
 342     45.76629     92.61929 19.286
 343     38.35444   -236.05875 19.815
 344     37.39871   -182.38245 18.987
 345     37.14021    -35.43033 19.201
 346     32.82733   -267.34147 19.464
 347     34.86398     64.97423 18.378
 348     30.68048   -258.62900 18.409
 349     30.51887   -224.86092 17.064
 350     33.80777    249.00660 19.736
 351     30.30440   -139.68481 18.063
 352     32.34588    135.85882 20.73
 353     27.64566   -378.90470 19.181
 354     30.49846    -15.41282 16.57
 355     28.27108   -188.89644 18.451
 356     30.97075    227.22718 17.001
 357     28.33537     38.76761 20.766
 358     27.14017    -33.44817 19.426
 359     24.77141   -195.08782 18.186
 360     23.45699   -110.34356 18.039
 361     21.95497   -143.06734 19.873
 362     19.35557    -28.58696 18.193
 363     18.23673    -33.48282 19.371
 364     14.72670   -325.04670 19.081
 365     12.78811    151.05378 18.905
 366      9.99041     12.23796 20.086
 367      9.52316    -33.98601 20.841
 368      5.75679   -316.22606 16.988
 369      6.31336   -102.31385 19.992
 370      5.55557    -64.90981 19.461
 371      4.14804    142.19826 18.77
 372      1.84291    -78.01372 19.947
 373     -1.78177   -338.72602 20.252
 374      1.10525     -3.06171 17.063
 375     -3.15506   -115.99375 19.48
 376     -7.45287   -192.70995 19.432
 377     -6.74687     41.18214 14.567
 378     -8.18873    159.26210 16.703
 379    -11.81613   -185.07822 19.497
 380     -9.65239    252.17811 20.389
 381    -17.86023    -50.18677 16.7
 382    -20.31475      4.28091 19.579
 383    -23.29215   -254.16365 19.538
 384    -22.11760    208.04073 17.43
 385    -26.95989   -126.07616 19.927
 386    -24.73126    167.25229 20.522
 387    -27.99009    -29.52433 19.745
 388    -30.08035   -231.19684 17.972
 389    -27.67197     75.48774 18.321
 390    -33.12860   -357.05375 19.477
 391    -30.77826    -14.29688 18.717
 392    -33.21536   -251.14153 15.824
 393    -33.50263     -3.82146 19.772
 394    -36.33056   -262.51828 16.002
 395    -32.45708    234.64288 16.953
 396    -35.30434     30.05412 18.276
 397    -38.91797   -276.63096 20.043
 398    -36.34919    160.37391 19.628
 399    -45.82945   -268.31691 20.348
 400    -46.19731   -236.85298 20.667
 401    -43.71272     56.47590 20.27
 402    -45.61729    140.64336 19.841
 403    -49.60070     50.57006 20.614
 404    -51.26528     41.49750 18.9
 405    -51.24810    114.46952 19.304
 406    -54.74899   -243.65988 19.934
 407    -57.91000   -241.75308 20.39
 408    -58.23731     57.22694 19.758
 409    -60.17529    -57.93784 19.097
 410    -64.11749   -308.75175 19.691
 411    -63.97597   -147.79546 15.336
 412    -65.06723    -62.58390 19.973
 413    -63.85698    116.30066 19.232
 414    -64.22500    137.21652 19.328
 415    -65.60677     61.14789 16.525
 416    -67.48808   -120.18500 17.059
 417    -67.15363    -19.96082 19.531
 418    -66.94125     23.99529 17.648
 419    -71.72343     49.30107 20.598
 420    -75.82517   -104.13300 18.375
 421    -76.35185    -63.95725 18.084
 422    -77.48279    -79.61784 20.38
 423    -79.32905    100.45324 18.271
 424    -81.22591    -61.43982 17.944
 425    -79.99930    169.06893 19.844
 426    -84.34940   -207.78166 18.217
 427    -82.96958    153.58730 16.003
 428    -86.01091     42.52552 17.771
 429    -87.15212    -63.60317 17.744
 430    -88.50083   -136.86400 20.191
 431    -87.61766     10.77258 20.129
 432    -91.76054   -355.49437 19.247
 433    -90.85484   -148.92543 18.737
 434    -91.12567   -119.72957 20.215
 435    -90.22815    104.87506 19.5
 436    -91.86209     14.73003 20.544
 437    -93.41302     31.14507 20.525
 438    -97.01120   -115.80928 16.199
 439    -96.00646    125.35547 20.381
 440    -98.92136    157.64560 18.489
 441   -102.38057   -219.09698 19.44
 442   -100.47211    107.64052 17.327
 443   -102.45754    -45.64889 17.785
 444   -103.06687    195.47884 20.133
 445   -104.65213     45.42962 20.266
 446   -107.31783   -122.33235 19.944
 447   -109.96391   -279.65450 18.165
 448   -110.95938    -45.69097 18.421
 449   -112.97740    139.99562 20.004
 450   -117.10890   -112.97972 15.503
 451   -119.29313    -71.25742 19.674
 452   -126.46216    -49.37531 18.641
 453   -131.02349   -164.14735 19.553
 454   -132.70438    -99.24077 16.04
 455   -134.70195   -199.07068 13.647
 456   -135.55683   -139.63538 17.785
 457   -139.15975   -345.12713 18.342
 458   -136.85731     37.05157 20.364
 459   -141.47702   -277.23312 17.09
 460   -140.46280    -56.87584 16.7
 461   -143.37124     50.18547 16.597
 462   -146.33384   -264.85379 19.703
 463   -155.02150   -256.51056 19.954
 464   -156.01578   -232.42755 18.738
 465   -154.71440     97.76619 20.254
 466   -155.53098    192.51747 20.575
 467   -161.28157   -311.84937 19.354
 468   -161.29601   -259.61323 18.925
 469   -161.50056      7.29092 20.51
 470   -165.21468   -297.27364 19.582
 471   -163.19174    -47.97097 19.809
 472   -164.78345    151.89949 19.721
 473   -167.46155    166.54854 19.935
 474   -169.29364    179.97450 19.407
 475   -170.59675    118.48492 18.117
 476   -178.51878   -109.08060 20.473
 477   -179.86104   -202.53838 18.685
 478   -181.69202   -290.95683 17.923
 479   -182.07596    -10.80478 20.876
 480   -184.43899     40.16837 19.484
 481   -186.58726    -48.07040 20.665
 482   -188.87005   -111.21736 17.704
 483   -189.91892    -32.70259 19.651
 484   -192.13500   -146.71759 19.557
 485   -191.14603    184.37617 20.168
 486   -194.87396   -212.52929 19.036
 487   -194.71392   -173.72099 19.92
 488   -195.32364   -126.63370 18.637
 489   -199.65544     -9.31527 16.778
 490   -199.71440     18.98069 19.976
 491   -199.35517     50.26522 19.103
 492   -204.20421   -277.70197 18.186
 493   -201.76731     85.65003 19.54
 494   -205.21299   -187.55911 19.134
 495   -204.89707     89.10177 19.833
 496   -204.25109    172.62281 19.084
 497   -209.53273   -158.22506 19.697
 498   -212.14480   -144.76473 19.306
 499   -212.79948    107.55876 19.533
 500   -216.70592   -241.21554 19.66
 501   -221.64805   -162.27460 14.763
 502   -223.73652      7.49860 19.206
 503   -228.01025   -261.28449 18.277
 504   -227.48136     69.08905 16.801
 505   -230.02726   -196.48739 16.489
 506   -236.56160   -235.66574 18.501
 507   -238.06485     99.34862 20.534
 508   -241.86878   -159.21005 17.448
 509   -250.69701    114.41199 19.86
 510   -260.05492     67.12788 20.411
 511   -261.49178     -4.47880 18.25
 512   -263.80790      4.55315 14.309
 513   -271.51807     31.79139 18.437
 514   -280.75166     59.35038 19.774
 515   -284.69465   -109.06556 16.095
 516   -287.08471    -61.51400 19.875
 517   -286.70873     17.29094 17.616
 518   -290.94403   -126.86168 20.772
 519   -305.95984    -22.45540 19.784
 520    304.36910   -147.94857 17.496
 521    279.13405     89.01750 17.858
 522    266.20071   -188.84363 17.902
 523    265.28772   -109.67776 20.115
 524    257.61949     65.83610 20.305
 525    252.64566     46.00855 19.588
 526    249.44920    116.50208 19.306
 527    209.80299   -142.20541 19.103
 528    187.37585    -71.07542 19.506
 529    171.35086    -11.08008 20.182
 530    168.53768   -110.36499 19.93
 531    169.09641     29.17053 20.662
 532    162.72631    207.52184 18.908
 533    147.21751   -345.85490 19.47
 534    141.87100    -56.76918 20.137
 535    128.19719    208.70742 19.224
 536    115.31007   -359.54278 20.474
 537    117.14452    154.28442 19.286
 538    115.42917     39.51768 19.037
 539     78.56198   -183.01047 18.791
 540     77.32463   -292.88199 20.159
 541     74.25030   -291.58442 19.184
 542     72.19919   -351.77557 19.536
 543     74.33121    -86.96024 20.313
 544     71.21752   -291.36694 17.601
 545     64.97416    -22.04785 20.529
 546     59.14467   -196.53751 17.071
 547     59.01608     64.64264 19.409
 548     53.17912   -377.14764 18.894
 549     56.80786    253.78764 20.478
 550     48.00457    -38.70943 19.907
 551     37.84360     -7.17050 20.387
 552     37.27879     97.15765 20.235
 553     35.41322   -111.46192 19.744
 554     26.80162   -156.24414 18.913
 555     14.02168     15.26164 17.719
 556     12.12856     93.20181 20.338
 557      8.29888    -44.67794 19.21
 558      5.07538     81.25021 20.45
 559     -1.76368    -88.41772 20.244
 560     -4.45915   -225.39786 20.52
 561    -11.27754    218.87795 19.234
 562    -16.54411     66.38138 20.272
 563    -18.48910    258.58529 17.873
 564    -22.84736   -132.23147 20.211
 565    -23.65275     27.24842 18.627
 566    -25.16534   -139.86385 19.782
 567    -33.27371   -178.52946 19.11
 568    -36.26675    -91.77012 19.52
 569    -43.11408   -334.12425 16.651
 570    -58.59586   -372.68566 17.46
 571    -64.66967   -152.40377 18.156
 572    -73.02641   -221.05970 20.351
 573    -73.24266    -81.05570 19.138
 574    -79.41796   -287.26708 19.625
 575    -87.26335   -305.77552 19.637
 576    -93.07377     96.41331 19.442
 577    -98.35457   -221.00227 19.003
 578    -99.58553     76.53710 20.025
 579   -105.25060    205.80933 20.257
 580   -109.78751   -147.35417 19.596
 581   -110.23521   -140.62250 18.566
 582   -123.51462    -67.73285 20.101
 583   -130.94149   -185.49531 20.499
 584   -131.49862    -79.51169 20.572
 585   -134.14354    -93.55405 20.338
 586   -136.79774     18.11561 19.46
 587   -136.67118    179.71988 20.616
 588   -141.93924    120.49490 20.093
 589   -158.32265   -262.45405 20.222
 590   -158.29678    210.33460 20.064
 591   -173.98085    122.72903 20.333
 592   -188.85908    -36.58925 20.549
 593   -202.05973    -41.43055 20.371
 594   -235.06743    -74.09497 18.045
 595   -246.25885    -28.24894 18.8
 596   -257.72690     27.17182 19.151
 597   -268.65403     11.99652 17.102
 598   -278.40860     14.24665 20.715
 599   -289.40815    -81.67855 20.483
 600    317.06700     43.68964 15.934
 601    299.61014   -124.17884 18.384
 602    265.42014   -106.36599 19.443
 603    252.30651   -278.85576 18.77
 604    251.83417    153.18218 20.777
 605    239.29121    -54.37365 19.749
 606    228.17939   -133.55640 19.94
 607    225.27886     12.14029 20.107
 608    210.75415     53.66957 20.266
 609    194.39417   -140.09651 18.555
 610    192.72095    115.39802 19.503
 611    153.82137    -66.89703 20.701
 612    141.28196    190.37161 19.758
 613    109.18007   -249.88186 19.019
 614     75.53451     -1.38882 18.103
 615     57.57405   -388.59731 17.504
 616     55.71370    -15.74411 19.983
 617      5.83059    -44.20982 20.483
 618      2.89870    -16.27373 18.076
 619     -8.79469     45.79004 18.589
 620    -20.28472   -216.39917 18.324
 621    -31.81612   -292.32530 16.288
 622    -75.87210    195.96311 19.724
 623    -96.65731   -108.75305 17.134
 624   -104.65441    108.93365 19.742
 625   -114.84788   -228.53809 20.142
 626   -117.99251     71.23169 18.769
 627   -126.71983    154.92461 20.724
 628   -172.56760    -94.74558 19.373
 629   -187.41613   -127.12755 18.799
 630   -188.83091   -125.47333 20.313
 631   -190.51128   -180.01557 17.459
 632   -199.58502     16.92886 19.997
 633   -238.50167   -155.60461 19.1
 634   -310.75507    -29.91734 20.776
 635    236.87692   -285.81442 20.202
 636    157.15606     -4.98045 20.411
 637    140.10079    192.60472 18.304
 638    113.16991     38.65540 20.237
 639    -29.33994    -31.90059 19.942
 640    -34.85755   -255.71392 19.629
 641    -79.50144    -91.13891 18.655
 642   -220.91082    -33.75326 20.62
 643   -222.01194    -31.05489 19.581
 644   -238.10082   -195.38408 19.631
 645   -245.70618    -30.73203 19.93
 646   -254.82380    -53.67938 19.643
 647    226.07976   -197.27335 19.814
 648    213.32949    142.26207 18.505
 649    -75.11601   -130.44865 20.059
 650    -93.90556   -325.83162 19.003
 651   -273.29746    -33.87603 20.389
 652    265.45617     68.09038 19.668
 653    244.14099    112.08284 19.987
 654    227.90888   -131.21598 18.876
 655    122.70613      7.18386 17.703
 656     42.13661    -48.85966 19.82
 657    230.66165    176.90441 16.491
 658    122.05361   -351.16013 18.964
 659   -154.28596     91.86263 20.062
 660     86.42013    102.17731 20.01
 661   -184.04968   -326.05984 17.309
 662    125.02702      6.53393 20.268
 663    121.92584   -352.92403 19.355
