# uv_matched
1.000000	326.244700	-70.916880	18.364000	5309184794605855744.000000	2.676323
2.000000	321.983550	-61.439590	19.088000	5309184794605856768.000000	2.713444
3.000000	315.187180	-3.608870	20.435000	5309184794605863936.000000	2.816294
4.000000	311.314010	-79.957000	20.318000	5309184691532492800.000000	3.015060
5.000000	309.144360	-7.412240	16.459000	5309187749543362560.000000	2.260751
6.000000	289.110620	74.996160	20.346000	5309187852622625792.000000	2.939620
7.000000	284.564210	15.820720	18.068000	5309187749543362560.000000	2.396344
8.000000	278.345610	-172.520090	20.348000	5309183179698132992.000000	2.604132
9.000000	273.020670	-191.374300	20.587000	5309183110978775040.000000	2.869379
10.000000	266.229950	-87.753700	18.348000	5309187612104392704.000000	2.482804
11.000000	266.713230	52.897780	16.444000	5309187818262886400.000000	2.093031
12.000000	261.506530	-27.265200	20.308000	5309187646464138240.000000	2.771600
13.000000	258.715750	5.859740	20.318000	5309187813947817984.000000	2.696759
14.000000	251.853980	-96.152750	19.659000	5309187612104389632.000000	2.784250
15.000000	240.136270	-196.357660	19.103000	5309183145338387456.000000	2.538947
16.000000	239.271590	0.384180	20.503000	5309187715183616000.000000	2.883163
17.000000	234.783980	-129.136960	20.183000	5309186134635632640.000000	2.811710
18.000000	231.918720	-154.908530	19.056000	5309186130320542720.000000	2.647524
19.000000	228.296940	-276.115290	18.125000	5309182973545556992.000000	2.621187
20.000000	220.274240	25.037470	18.793000	5309187715183617024.000000	2.888168
21.000000	216.835300	-235.166020	15.713000	5309183145338379264.000000	2.432028
22.000000	216.282500	23.063300	18.531000	5309187715183616000.000000	2.460840
23.000000	206.918930	-32.759510	16.783000	5309187680823869440.000000	2.457795
24.000000	202.201800	-104.213150	18.279000	5309186134635631616.000000	2.845361
25.000000	202.562880	37.554570	20.171000	5309187921342046208.000000	2.628876
26.000000	191.703300	-151.251350	20.123000	5309186100275886080.000000	3.048167
27.000000	187.113500	122.498850	19.260000	5309188093140615168.000000	2.906811
28.000000	183.913860	-91.661440	17.758000	5309186203355107328.000000	2.684748
29.000000	183.459400	-118.228920	20.177000	5309186203355104256.000000	2.810308
30.000000	178.262580	-285.082970	18.999000	5309183007899416576.000000	2.566984
31.000000	175.970500	-192.848010	17.574000	5309185997196664832.000000	2.520081
32.000000	175.000360	-247.278990	19.509000	5309185997196658688.000000	2.782727
33.000000	174.937130	-103.638660	20.361000	5309186203355104256.000000	4.647076
34.000000	176.829400	176.727460	20.471000	5309188127500492800.000000	3.176177
35.000000	172.557020	-155.943960	19.002000	5309186100275884032.000000	3.904549
36.000000	170.400920	-124.297430	19.136000	5309186168995363840.000000	2.661126
37.000000	168.582380	-259.403610	16.714000	5309185962836917248.000000	2.529785
38.000000	171.707750	132.129360	20.710000	5309188093140614144.000000	2.795651
39.000000	165.574590	48.508190	19.085000	5309187921341915136.000000	4.653227
40.000000	164.850570	4.552950	18.884000	5309187886982298624.000000	2.641084
41.000000	163.345110	-21.293420	18.245000	5309187886982295552.000000	2.660951
42.000000	162.594350	83.647500	15.901000	5309187990061394944.000000	2.318570
43.000000	161.217230	98.805010	19.680000	5309187985746579456.000000	2.840971
44.000000	157.193940	67.993270	19.276000	5309187990067276800.000000	2.691707
45.000000	157.369100	154.105180	20.461000	5309188093140615168.000000	2.961174
46.000000	155.226960	23.895290	20.230000	5309187886982300672.000000	3.217326
47.000000	152.756520	-162.582350	18.215000	5309186061601059840.000000	2.721443
48.000000	153.472520	123.941200	16.387000	5309188093140613120.000000	2.263253
49.000000	149.788370	-179.643360	19.296000	5309186065916139520.000000	2.737589
50.000000	149.794220	99.320900	20.040000	5309187990061394944.000000	3.119924
51.000000	138.885790	-141.040750	16.803000	5309186168995358720.000000	2.346190
52.000000	135.075730	-343.861670	20.350000	5309182625627138048.000000	2.703724
53.000000	138.155740	72.440100	20.708000	5309187990061391872.000000	3.112676
54.000000	137.281520	-5.787150	18.608000	5309186409513545728.000000	2.468170
55.000000	133.535370	-300.804140	20.033000	5309185584879918080.000000	2.873576
56.000000	129.627530	-290.288660	14.913000	5309185584879785984.000000	2.345435
57.000000	127.607990	-66.078600	20.144000	5309186375153796096.000000	2.714852
58.000000	126.210150	-197.405540	15.290000	5309186065916135424.000000	2.291809
59.000000	125.293970	-108.988670	18.912000	5309186370838752256.000000	2.852678
60.000000	124.420410	31.952150	15.061000	5309187955701646336.000000	2.351997
61.000000	119.303280	46.536330	19.300000	5309187955701647360.000000	2.833689
62.000000	113.103520	-279.079150	19.061000	5309185584879785984.000000	2.716029
63.000000	114.636570	99.172020	19.278000	5309188745975635968.000000	3.162928
64.000000	110.337720	-259.637040	20.406000	5309185653605145600.000000	2.991699
65.000000	111.221970	220.890730	20.485000	5309188917774338048.000000	3.070213
66.000000	103.581680	174.060160	18.909000	5309188814695118848.000000	2.765840
67.000000	91.701400	-215.524320	19.624000	5309186031562269696.000000	3.035581
68.000000	93.847290	215.322630	20.245000	5309188917755188224.000000	3.024514
69.000000	90.924500	65.744320	15.009000	5309188711615891456.000000	2.316738
70.000000	89.978730	-32.283140	15.537000	5309186443873146880.000000	2.443018
71.000000	88.661650	94.581690	20.092000	5309188711615893504.000000	2.804406
72.000000	85.167590	225.083840	19.723000	5309188917774337024.000000	2.827134
73.000000	80.948320	-228.082100	20.249000	5309185653599265792.000000	3.024560
74.000000	83.535100	64.668640	18.374000	5309188711615889408.000000	2.698067
75.000000	81.631810	135.841720	18.134000	5309188814695112704.000000	2.898648
76.000000	78.852570	-127.244880	16.281000	5309186272074568704.000000	2.325149
77.000000	76.953100	-8.371840	20.433000	5309186443873148928.000000	2.973314
78.000000	73.633240	105.605860	17.638000	5309188711615893504.000000	2.317640
79.000000	73.721690	242.117950	20.443000	5309189123932767232.000000	3.309999
80.000000	70.179540	-9.088500	17.845000	5309186443873147904.000000	2.499881
81.000000	69.115720	-28.096010	17.130000	5309186443873144832.000000	2.535156
82.000000	61.466050	-58.044670	20.538000	5309186340793923584.000000	3.111429
83.000000	54.357480	-347.194260	20.251000	5309185511845159936.000000	2.889475
84.000000	54.903670	-178.930160	16.814000	5309186233399737344.000000	2.384173
85.000000	57.318890	183.337060	18.013000	5309188814674635776.000000	-0.469338
86.000000	55.408940	103.561730	17.138000	5309188780335368192.000000	2.505599
87.000000	53.405760	-6.453560	19.147000	5309187195472514048.000000	2.795272
88.000000	52.864990	-43.857370	18.470000	5309186443873139712.000000	2.741570
89.000000	54.494040	142.514090	19.639000	5309188780335373312.000000	2.897160
91.000000	48.516930	-51.271890	16.903000	5309186340793922560.000000	2.508113
92.000000	49.483230	127.539820	20.229000	5309188780335370240.000000	2.692732
93.000000	43.726390	-58.542410	20.088000	5309186340793920512.000000	2.726521
94.000000	41.069590	21.594350	17.969000	5309187199787393024.000000	2.720560
95.000000	41.525710	219.990320	17.494000	5309189020853548032.000000	2.415612
96.000000	38.913500	8.490930	19.876000	5309187199787389952.000000	2.706694
97.000000	38.203110	36.247110	16.813000	5309187199787394048.000000	2.425046
98.000000	35.636990	-14.908260	19.165000	5309187199787385856.000000	2.759921
99.000000	35.159570	18.499860	17.714000	5309187199787390976.000000	2.673031
100.000000	35.951600	240.439790	20.026000	5309189020853549056.000000	2.800517
102.000000	25.734290	-299.918440	19.983000	5309185722318726144.000000	2.947130
103.000000	26.546130	120.741660	17.312000	5309187302866617344.000000	2.573585
104.000000	24.375090	-112.106000	19.208000	5309186306434302976.000000	2.779039
105.000000	23.686680	200.770190	19.720000	5309189020853544960.000000	2.989751
106.000000	21.281770	-68.077520	18.338000	5309187096714065920.000000	2.664821
107.000000	18.063770	-167.293130	20.434000	5309185928477172736.000000	4.257494
108.000000	14.190460	-114.516690	20.637000	5309186302122014720.000000	2.890153
109.000000	11.011880	-327.780680	15.835000	5309185722324615168.000000	2.227016
110.000000	11.572160	-162.324480	20.002000	5309185924165279744.000000	5.609285
111.000000	12.704820	19.691460	15.567000	5309187268506863616.000000	2.395246
112.000000	9.225960	-266.832430	20.218000	5309185825378439168.000000	3.136365
113.000000	7.672530	-163.944230	18.641000	5309185928477171712.000000	3.090953
114.000000	8.109760	124.415800	16.259000	5309187509025045504.000000	2.349399
115.000000	3.036160	-121.068040	17.468000	5309187062348419072.000000	4.018483
116.000000	0.758720	-183.204050	20.579000	5309185928477167616.000000	2.829870
117.000000	0.379760	-26.280000	18.831000	5309187096708163584.000000	2.758063
118.000000	2.409410	237.492090	20.196000	5309189089573023744.000000	2.840669
119.000000	0.803040	219.528080	17.914000	5309189055213283328.000000	2.512842
120.000000	-3.013980	-175.320070	20.221000	5309185928477168640.000000	2.943332
121.000000	-3.082050	59.255970	16.391000	5309187268506868736.000000	2.389742
122.000000	-7.906970	-115.452220	16.362000	5309186684397202432.000000	2.451603
123.000000	-12.713550	-125.424560	20.430000	5309186684391294976.000000	2.879680
124.000000	-15.697390	-20.664830	20.218000	5309187165427640320.000000	3.019867
125.000000	-22.374770	47.446320	16.459000	5309187268506863616.000000	2.395584
126.000000	-23.364330	166.246210	16.986000	5309187577744524288.000000	2.344952
127.000000	-27.296010	-51.446500	19.987000	5309187126753016832.000000	2.757048
128.000000	-32.712920	-71.175590	18.895000	5309187131068022784.000000	2.770767
129.000000	-38.144680	-192.064940	18.559000	5309186650031668224.000000	2.621695
130.000000	-39.438730	-319.073480	19.718000	5309185687958977536.000000	2.768219
131.000000	-52.294530	-46.377170	19.946000	5309187131067896832.000000	2.924090
132.000000	-53.881280	83.366290	16.429000	5309187474665294848.000000	2.253652
133.000000	-54.109320	188.342260	19.960000	5309187577744523264.000000	2.795104
134.000000	-55.650350	71.413630	19.922000	5309187371586077696.000000	2.740760
135.000000	-58.677440	38.364470	19.659000	5309187371586072576.000000	2.810440
136.000000	-59.683580	179.376130	17.320000	5309187577744522240.000000	2.396189
137.000000	-62.887330	-139.045290	15.894000	5309186650031552512.000000	2.292167
138.000000	-65.214220	-169.214310	19.906000	5309186650031549440.000000	3.169525
139.000000	-69.027010	53.804050	20.334000	5309187371586073600.000000	2.989241
140.000000	-68.857420	235.532250	17.800000	5309199328776262656.000000	4.572360
141.000000	-75.244230	-258.499160	20.441000	5309186512592701440.000000	3.011267
142.000000	-76.287880	-194.959600	17.484000	5309186546952332288.000000	2.335704
143.000000	-75.305930	72.629020	16.394000	5309187435993764864.000000	2.527609
144.000000	-77.767020	-106.544300	19.699000	5309186718751030272.000000	2.751803
145.000000	-81.707810	-33.898380	20.257000	5309186954954322944.000000	2.876698
146.000000	-83.769650	144.120550	15.367000	5309187543384777728.000000	4.092662
147.000000	-84.801740	64.667920	20.324000	5309187435990762496.000000	2.959015
148.000000	-85.651330	73.667440	17.677000	5309187440305551360.000000	3.866583
149.000000	-87.498030	90.658380	20.463000	5309187440305553408.000000	3.014678
150.000000	-90.127780	-99.819250	20.227000	5309186714436120576.000000	2.807482
151.000000	-88.947670	184.869590	20.392000	5309199290102942720.000000	2.912250
152.000000	-92.299570	-31.996550	20.331000	5309186959269203968.000000	3.612715
153.000000	-93.921690	-169.661650	16.506000	5309186615671810048.000000	2.268260
154.000000	-97.569280	-264.416130	17.659000	5309186512592698368.000000	2.383998
155.000000	-96.609700	-152.455350	20.546000	5309186611356869632.000000	2.749146
156.000000	-93.851900	189.006600	18.398000	5309199294416520192.000000	2.696512
157.000000	-97.853040	136.551980	19.438000	5309199294416515072.000000	2.549521
158.000000	-102.457450	-323.783560	18.781000	5308810445257922560.000000	2.391003
159.000000	-104.445750	-190.692680	18.076000	5309186615671808000.000000	2.432799
160.000000	-103.316200	187.308350	18.383000	5309199290100553728.000000	2.668129
161.000000	-116.206580	135.890840	20.581000	5309199191337298944.000000	2.900851
162.000000	-120.002450	-159.996360	19.417000	5309186611356866560.000000	2.663954
163.000000	-121.171690	-225.589400	20.548000	5309186581312065536.000000	2.686790
164.000000	-122.145700	-194.018150	17.856000	5309186581312067584.000000	2.601914
165.000000	-122.874820	-255.398850	18.084000	5309186512592586752.000000	2.571601
166.000000	-119.159980	184.452560	20.206000	5309199294416517120.000000	2.778643
167.000000	-123.574850	-249.531420	19.530000	5309186512592697344.000000	4.716619
168.000000	-124.052990	224.984640	20.190000	5309199363135996928.000000	2.815175
169.000000	-127.386370	-53.910400	19.563000	5309186924909461504.000000	2.807469
170.000000	-130.307730	6.315110	18.338000	5309187027988680704.000000	2.712453
171.000000	-131.502040	-99.094010	14.410000	5309186924888713216.000000	2.310988
172.000000	-130.251550	111.255230	20.401000	5309199191337297920.000000	3.039901
173.000000	-136.470580	-200.078590	18.288000	5309186581312065536.000000	2.480998
174.000000	-133.840080	133.248080	20.677000	5309199187021291520.000000	2.858910
175.000000	-149.989850	-105.051470	20.370000	5309186821809484800.000000	3.057864
176.000000	-150.273370	50.900380	18.762000	5309198779020431360.000000	2.628592
177.000000	-151.541350	10.759060	19.553000	5309187027988679680.000000	2.916726
178.000000	-164.989120	-99.091310	19.548000	5309186890549716992.000000	2.924255
179.000000	-166.884330	-233.265640	18.968000	5308811269891387392.000000	2.689325
180.000000	-173.798010	-49.709260	19.822000	5309186989314055168.000000	2.783309
181.000000	-176.843570	153.003410	20.551000	5309199260056774656.000000	3.299093
182.000000	-181.756000	41.289360	15.312000	5309198779020429312.000000	2.216655
183.000000	-181.927240	129.885270	19.396000	5309199225697033216.000000	2.780190
184.000000	-196.667910	-79.149700	20.236000	5309186890549716992.000000	2.624050
185.000000	-208.516660	84.058450	19.763000	5309198847739907072.000000	2.733072
186.000000	-210.796950	-80.249010	19.709000	5309186890549715968.000000	2.783524
187.000000	-223.673450	-100.751810	19.062000	5309186856189973504.000000	2.647611
188.000000	-235.167640	-32.873360	20.626000	5309198641581467648.000000	2.983992
189.000000	-250.733980	-172.759060	19.205000	5308811544769292288.000000	3.008999
190.000000	-251.232570	10.732540	17.632000	5309198710300945408.000000	2.373908
192.000000	-253.683540	-136.331950	19.553000	5308823295799818240.000000	2.522633
193.000000	-254.264830	44.027480	17.868000	5309198813380162560.000000	2.644167
194.000000	-260.036180	-47.746680	18.291000	5309198675941202944.000000	2.631276
195.000000	-264.279970	-9.918040	16.267000	5309198710300944384.000000	2.269715
196.000000	-268.710120	59.914220	20.528000	5309199019538593792.000000	2.822556
197.000000	-272.980300	16.994360	15.881000	5309198705988768768.000000	2.437149
198.000000	-276.324610	79.340370	18.806000	5309199019538641920.000000	2.721182
199.000000	-283.121840	-165.797070	16.538000	5308823261440072704.000000	4.149635
200.000000	-287.581690	-181.249670	18.870000	5308823261440070656.000000	2.729161
201.000000	-294.222290	-169.742590	20.590000	5308823257125991424.000000	2.869903
202.000000	-300.366340	-59.882480	17.911000	5308823364519299072.000000	2.402840
203.000000	326.612460	-47.445600	18.071000	5309184794605859840.000000	3.725334
204.000000	321.612310	-18.382630	19.517000	5309184794605862912.000000	2.571033
205.000000	319.232980	-144.197990	20.552000	5309184622807153664.000000	3.856766
206.000000	318.176800	13.016840	18.316000	5309187783903104000.000000	2.557580
207.000000	316.110320	-85.763110	20.722000	5309184687211575296.000000	3.024565
208.000000	312.122610	4.137600	18.218000	5309187783903102976.000000	2.737656
209.000000	311.654950	22.714640	17.359000	5309187783903105024.000000	2.333878
210.000000	306.584300	-62.091140	18.170000	5309184691526639616.000000	2.456899
211.000000	304.202720	-164.506620	19.675000	5309184588447411200.000000	2.889539
212.000000	300.072340	77.206540	18.527000	5309187783903112192.000000	2.657044
213.000000	297.364220	-10.412310	20.292000	5309187749543360512.000000	3.203285
214.000000	292.800220	18.612800	20.339000	5309187745228355584.000000	2.792598
215.000000	287.598370	-85.165380	17.605000	5309184691526633472.000000	3.550520
216.000000	280.071160	-218.855490	18.212000	5309183110978774016.000000	2.434821
217.000000	281.260460	-35.077150	19.506000	5309187646469992448.000000	2.903514
218.000000	278.369770	-193.436210	20.459000	5309183106663544832.000000	3.158211
219.000000	275.211160	-66.421950	20.633000	5309187646464134144.000000	2.803769
220.000000	272.676830	128.199220	19.575000	5309188230560471040.000000	2.730506
221.000000	271.113920	58.397870	20.488000	5309187852622624768.000000	2.765784
222.000000	265.338280	-43.652000	18.272000	5309187646469991424.000000	2.894428
223.000000	262.234890	-176.882870	18.013000	5309183179698129920.000000	2.510263
224.000000	260.591840	-91.919750	15.997000	5309187612110247936.000000	2.223109
225.000000	255.612670	-31.682990	18.174000	5309187646464136192.000000	2.596095
227.000000	254.291770	-39.240750	19.231000	5309187646464135168.000000	2.784568
228.000000	248.964460	-247.852330	20.179000	5309183072303775744.000000	2.812356
229.000000	250.095080	125.394710	16.771000	5309188058781019136.000000	2.319647
230.000000	246.391680	-198.491890	20.465000	5309183179698125824.000000	2.658016
231.000000	246.196880	-137.795400	16.054000	5309183179698134016.000000	2.281728
232.000000	246.444260	114.312750	20.546000	5309188058781017088.000000	2.851067
233.000000	241.419490	-249.783910	19.501000	5309183076618903552.000000	3.041047
234.000000	241.598320	-74.355730	17.102000	5309187612104390656.000000	3.561770
235.000000	237.990320	-233.686330	19.927000	5309183145338382336.000000	2.754047
236.000000	237.509800	-45.873100	17.962000	5309187642149094400.000000	2.595479
237.000000	231.959840	-250.344860	19.472000	5309183145338379264.000000	2.717544
238.000000	226.472380	159.776460	19.605000	5309188058780882944.000000	2.747570
239.000000	219.819140	-183.366250	16.136000	5309183145338386432.000000	2.308713
240.000000	219.771550	-101.250010	20.578000	5309186134635635712.000000	2.886744
241.000000	220.437590	78.497320	20.390000	5309188024421269504.000000	2.790007
242.000000	220.249520	65.501570	13.449000	5309188024401978368.000000	2.102255
243.000000	216.957310	-223.718160	19.880000	5309183141023265792.000000	2.825686
244.000000	216.062390	-288.697070	19.703000	5309183042259158016.000000	2.874146
245.000000	215.839240	-49.908170	20.253000	5309187680823868416.000000	2.780567
246.000000	213.297320	-175.220750	18.880000	5309186100276011008.000000	2.705888
247.000000	214.173730	186.218650	20.645000	5309188505457483776.000000	2.863222
248.000000	209.253260	37.185340	18.404000	5309187921342048256.000000	2.924604
249.000000	205.820220	-278.242510	17.605000	5309183042259158016.000000	2.530282
250.000000	203.525080	-293.179400	18.900000	5309183007899417600.000000	2.755476
251.000000	204.975160	-19.472800	19.817000	5309187680823931904.000000	3.066681
252.000000	205.490120	124.778710	19.789000	5309188024421140480.000000	2.878636
253.000000	200.683750	-276.219490	19.914000	5309183037946868736.000000	3.032475
254.000000	192.562630	-57.112320	19.147000	5309187680823865344.000000	2.629414
255.000000	190.413720	-220.117840	16.984000	5309185997196662784.000000	2.792568
256.000000	187.399530	-70.065760	19.111000	5309186199040076800.000000	2.733705
257.000000	189.322690	149.280110	20.171000	5309188123185566720.000000	2.904484
258.000000	183.145800	-150.376590	20.517000	5309186100275886080.000000	3.065012
259.000000	179.829960	-295.200880	18.854000	5309183007879967744.000000	2.639112
260.000000	181.760950	-75.890780	18.514000	5309186203355110400.000000	2.688968
261.000000	179.282520	-330.084340	19.774000	5309183007899409408.000000	2.797676
262.000000	181.300040	-21.278160	18.993000	5309187886982297600.000000	2.698370
263.000000	181.451480	33.873720	18.791000	5309187921322725376.000000	2.789451
264.000000	176.762440	-111.452820	20.350000	5309186203355104256.000000	3.104234
265.000000	172.451470	172.628570	20.723000	5309188127500356608.000000	2.902293
266.000000	164.819440	-195.319260	16.483000	5309185997196662784.000000	2.289633
267.000000	162.048900	106.328120	19.117000	5309187990061528064.000000	2.683044
268.000000	156.231290	-225.946060	20.423000	5309185997196658688.000000	3.004278
269.000000	153.829590	-307.303760	20.085000	5309182629942287360.000000	2.903846
270.000000	155.878570	183.194790	19.359000	5309188849054995456.000000	2.744000
271.000000	150.434760	-311.728310	20.056000	5309182629942286336.000000	2.793902
272.000000	153.358380	218.513460	18.629000	5309188883414603776.000000	2.800414
273.000000	150.325450	-23.115730	19.508000	5309186405198526464.000000	0.878819
274.000000	143.490980	-350.025570	19.870000	5309182629942280192.000000	4.305663
275.000000	145.204690	-60.154690	18.194000	5309186409513537536.000000	2.721775
276.000000	143.965640	-185.541630	18.924000	5309186065916138496.000000	2.819565
277.000000	146.248760	79.776400	17.341000	5309187990061392896.000000	4.088081
278.000000	144.300170	-101.193850	18.852000	5309186168995363840.000000	2.781050
279.000000	143.316100	169.923340	20.415000	5309188844740083712.000000	2.906228
280.000000	138.029710	4.652170	18.901000	5309187886962954240.000000	2.744647
281.000000	135.300450	-72.925390	20.537000	5309186375153796096.000000	3.076337
282.000000	133.919270	-84.336150	20.491000	5309186370838753280.000000	2.825011
283.000000	134.003100	-37.968190	20.136000	5309186409513538560.000000	4.615244
284.000000	129.476650	-221.564380	20.280000	5309186031556393984.000000	2.772388
285.000000	129.880360	-96.716580	19.271000	5309186375153871872.000000	2.905850
286.000000	128.487920	-23.995330	18.827000	5309186409513541632.000000	2.547661
287.000000	125.232120	-157.516660	19.844000	5309186065916139520.000000	2.942637
288.000000	125.124100	-85.264510	19.735000	5309186375153794048.000000	2.753669
289.000000	116.869470	-311.230150	18.279000	5309185584879781888.000000	2.700004
290.000000	120.098620	64.355710	19.147000	5309187955701777408.000000	3.028361
291.000000	120.420500	149.387510	19.321000	5309188745975642112.000000	2.928611
292.000000	117.526430	-92.170330	19.539000	5309186375153792000.000000	3.007342
293.000000	112.876800	201.485460	19.192000	5309188917774336000.000000	2.897429
294.000000	111.980650	189.894120	18.016000	5309188917774334976.000000	2.361718
295.000000	108.935690	-73.839790	20.032000	5309186375153794048.000000	2.766882
296.000000	110.003340	87.079500	20.413000	5309188711615895552.000000	2.789591
297.000000	104.306470	-359.388950	14.668000	5309185550520035328.000000	3.302453
298.000000	107.521440	100.329310	20.543000	5309188711615896576.000000	2.795165
299.000000	100.628090	-351.250390	19.874000	5309185546207767552.000000	2.973859
300.000000	98.424510	106.347590	20.574000	5309188711615896576.000000	2.858159
301.000000	97.775550	147.244040	19.969000	5309188741660849152.000000	2.831427
303.000000	95.633750	35.177370	19.170000	5309186478238784512.000000	2.744900
304.000000	92.102880	-315.892760	20.538000	5309185546208957440.000000	2.801969
305.000000	89.479600	-301.203120	13.519000	5309185619239518208.000000	2.007017
306.000000	89.006680	-317.294880	20.477000	5309185550520039424.000000	2.756833
307.000000	88.090660	-263.978210	18.435000	5309185653599261696.000000	2.558146
308.000000	87.415520	-14.137610	18.910000	5309186478233012224.000000	2.740050
309.000000	83.001540	-286.655340	16.769000	5309185653599257600.000000	2.422519
310.000000	82.038110	-353.326980	15.613000	5309185550520033280.000000	2.240796
311.000000	86.894570	214.822830	18.847000	5309188917774336000.000000	2.643656
312.000000	83.519150	-152.195440	20.536000	5309186237714827264.000000	2.925496
313.000000	82.160840	-54.058630	17.281000	5309186443873269760.000000	2.544084
314.000000	79.398390	-92.073150	19.967000	5309186340794049536.000000	4.601828
315.000000	78.305490	35.583460	20.858000	5309187234147137536.000000	2.824284
316.000000	75.774360	122.056800	14.778000	5309188780335372288.000000	1.890717
317.000000	73.716250	17.153800	20.561000	5309187234147134464.000000	2.872012
318.000000	72.137830	113.598600	19.694000	5309188780335371264.000000	2.804992
319.000000	71.407040	86.850940	19.806000	5309188711616019456.000000	2.771588
320.000000	64.698670	-240.062170	16.796000	5309185653599261696.000000	2.328065
321.000000	66.363220	-50.162760	19.617000	5309186443873140736.000000	3.088949
322.000000	64.451320	-129.937950	17.607000	5309186237714828288.000000	2.535219
323.000000	64.381510	-96.313910	18.397000	5309186340794047488.000000	2.832853
324.000000	63.421230	75.622540	18.005000	5309187234147139584.000000	2.704596
325.000000	61.925640	-17.976850	20.667000	5309187199787388928.000000	3.000553
326.000000	59.628520	-274.836110	20.270000	5309185614924401664.000000	3.041753
327.000000	61.711610	-25.320760	17.088000	5309186443873143808.000000	2.477703
328.000000	61.258780	2.255430	19.056000	5309187199787392000.000000	2.740315
329.000000	58.380160	-235.523550	19.608000	5309185859738219520.000000	0.028158
330.000000	57.839790	-270.695400	20.115000	5309185614927245312.000000	2.907032
331.000000	59.195310	173.436320	20.404000	5309188810380357632.000000	2.828793
332.000000	54.769740	-199.270130	19.186000	5309185859757697024.000000	2.816701
333.000000	53.110330	-361.377860	20.529000	5309185516160290816.000000	2.900164
334.000000	52.954760	-325.269700	19.815000	5309185516160295936.000000	2.966438
335.000000	50.069480	-327.248700	19.325000	5309185516160294912.000000	2.630771
336.000000	51.035700	-149.552770	20.181000	5309186306434301952.000000	3.013867
337.000000	49.004880	21.447960	17.418000	5309187199787593728.000000	2.500088
338.000000	48.219040	6.076210	18.297000	5309187199787515904.000000	2.655565
339.000000	47.468810	35.812450	19.020000	5309187234147133440.000000	2.782138
340.000000	48.246760	222.652300	20.116000	5309189020853549056.000000	2.856471
341.000000	42.897030	-301.542400	20.007000	5309185619239512064.000000	2.937744
342.000000	40.711640	102.054460	19.286000	5309187298551800832.000000	2.815282
343.000000	33.310910	-226.623820	19.815000	5309185859757689856.000000	3.008760
344.000000	32.353360	-172.947550	18.987000	5309185928477174784.000000	2.723269
345.000000	32.089890	-25.995450	19.201000	5309187092393285632.000000	2.769455
346.000000	27.784860	-257.906730	19.464000	5309185825397946368.000000	2.965587
347.000000	29.810270	74.409030	18.378000	5309187302866613248.000000	2.757454
348.000000	25.637720	-249.194330	18.409000	5309185825397947392.000000	2.749494
349.000000	25.474960	-215.426260	17.064000	5309185859757690880.000000	2.439243
350.000000	28.747830	258.441370	19.736000	5309189085258317824.000000	2.806869
351.000000	25.257610	-130.250160	18.063000	5309186306434300928.000000	2.670217
352.000000	27.289770	145.293530	20.730000	5309188986493800448.000000	2.885287
353.000000	22.606970	-369.470110	19.181000	5309185481800547328.000000	3.995325
354.000000	25.447470	-5.978170	16.570000	5309187199787384832.000000	2.458173
355.000000	23.225960	-179.461860	18.451000	5309185928477171712.000000	2.884868
356.000000	25.911550	236.661860	17.001000	5309189020853548032.000000	2.717283
357.000000	23.282550	48.202190	20.766000	5309187264192024576.000000	2.833204
358.000000	22.089780	-24.013640	19.426000	5309187096708167680.000000	3.228691
359.000000	19.726490	-185.653360	18.186000	5309185928477170688.000000	2.705872
360.000000	18.409210	-100.909140	18.039000	5309186306434177024.000000	2.617654
361.000000	16.908300	-133.632980	19.873000	5309186306440176640.000000	3.932358
362.000000	14.305030	-19.152690	18.193000	5309187096708167680.000000	2.680285
363.000000	13.186350	-24.048580	19.371000	5309187096708165632.000000	2.818933
364.000000	9.686190	-315.612560	19.081000	5309185722318721024.000000	2.864476
365.000000	7.731480	160.487830	18.905000	5309188986493799424.000000	2.513965
366.000000	4.938480	21.671920	20.086000	5309187268506863616.000000	3.332510
367.000000	4.472800	-24.552070	20.841000	5309187096708293632.000000	3.162573
368.000000	0.715980	-306.792230	16.988000	5309185722318722048.000000	2.314198
369.000000	1.265310	-92.880010	19.992000	5309187062348420096.000000	2.722606
370.000000	0.506250	-55.476000	19.461000	5309187058033528832.000000	2.622839
371.000000	-0.908290	151.632020	18.770000	5309187509025048576.000000	3.439073
372.000000	-3.205960	-68.580040	19.947000	5309187062327754752.000000	3.109918
373.000000	-6.821820	-329.292440	20.252000	5309185687958979584.000000	3.082927
374.000000	-3.946160	6.371950	17.063000	5309187165427645440.000000	2.316096
375.000000	-8.202650	-106.560240	19.480000	5309187058033496064.000000	2.607871
376.000000	-12.497860	-183.276570	19.432000	5309185894117428224.000000	2.990556
377.000000	-11.799780	50.615530	14.567000	5309187264195074048.000000	2.265133
378.000000	-13.245640	168.695450	16.703000	5309187509025048576.000000	2.328759
379.000000	-16.861380	-175.645000	19.497000	5309185894117429248.000000	2.553768
380.000000	-14.712440	261.611420	20.389000	5309189089573023744.000000	5.012986
381.000000	-22.910040	-40.753760	16.700000	5309187131047234560.000000	4.938694
382.000000	-25.366410	13.713840	19.579000	5309187165427643392.000000	2.789247
383.000000	-28.335060	-244.730810	19.538000	5309185791038202880.000000	4.717255
384.000000	-27.176160	217.473610	17.430000	5309189055213279232.000000	2.633178
385.000000	-32.007140	-116.643450	19.927000	5309186684391293952.000000	2.959173
386.000000	-29.788440	176.685080	20.522000	5309187573438284800.000000	2.779578
388.000000	-35.124040	-221.764230	17.972000	5309185791038205952.000000	2.435725
389.000000	-32.726040	84.920420	18.321000	5309187474665298944.000000	2.686396
391.000000	-35.829290	-4.864300	18.717000	5309187165427639296.000000	3.711297
392.000000	-38.258380	-241.709030	15.824000	5309185786726328320.000000	2.248967
394.000000	-41.373190	-253.085880	16.002000	5309185791038199808.000000	2.289099
395.000000	-37.516540	244.075410	16.953000	5309200806245014528.000000	2.279596
396.000000	-40.356870	39.486550	18.276000	5309187371586202624.000000	2.627107
397.000000	-43.960120	-267.198640	20.043000	5309185791044091904.000000	2.734790
398.000000	-41.406130	169.806300	19.628000	5309187573429757952.000000	2.669569
399.000000	-50.871880	-258.884830	20.348000	5309185791038197760.000000	2.971217
400.000000	-51.240800	-227.420910	20.667000	5309185786723108864.000000	2.837950
401.000000	-48.766150	65.908040	20.270000	5309187371586077696.000000	2.687330
402.000000	-50.673570	150.075440	19.841000	5309187577744520192.000000	2.772900
404.000000	-56.318200	50.929380	18.900000	5309187371586074624.000000	2.725077
405.000000	-56.303490	123.901410	19.304000	5309187543384777728.000000	2.833509
406.000000	-59.792250	-234.228110	19.934000	5309186546952443904.000000	2.746113
407.000000	-62.953320	-232.321410	20.390000	5309186546952443904.000000	3.059983
408.000000	-63.290760	66.658590	19.758000	5309187367273726976.000000	2.782317
409.000000	-65.224840	-48.506260	19.097000	5309186753110773760.000000	2.778280
410.000000	-69.158550	-299.320280	19.691000	5309185756678453248.000000	3.319288
411.000000	-69.022480	-138.364010	15.336000	5309186714440083456.000000	2.043531
413.000000	-68.912430	125.732120	19.232000	5309187543384777728.000000	-0.501109
414.000000	-69.281160	146.647970	19.328000	5309187543364214784.000000	3.096215
415.000000	-70.660350	70.579290	16.525000	5309187371586075648.000000	2.429540
416.000000	-72.535520	-110.753660	17.059000	5309186718751030272.000000	2.248724
417.000000	-72.204470	-10.529470	19.531000	5309187337226328064.000000	2.630300
418.000000	-71.993570	33.426640	17.648000	5309187371586070528.000000	2.667893
419.000000	-76.776610	58.732260	20.598000	5309187371586072576.000000	2.652804
420.000000	-80.873160	-94.701940	18.375000	5309186753110769664.000000	2.403606
421.000000	-81.401200	-54.526220	18.084000	5309186959269326848.000000	2.616421
422.000000	-82.531600	-70.186840	20.380000	5309186753110770688.000000	3.044509
423.000000	-84.383960	109.884180	18.271000	5309187440305556480.000000	2.647514
424.000000	-86.275340	-52.008950	17.944000	5309186959269201920.000000	2.441509
425.000000	-85.056540	178.499850	19.844000	5309199294416519168.000000	2.830658
426.000000	-89.393880	-198.350890	18.217000	5309186546952331264.000000	2.542899
427.000000	-88.026300	163.018110	16.003000	5309199294416518144.000000	2.415938
428.000000	-91.063870	51.956230	17.771000	5309187401631023104.000000	2.427533
429.000000	-92.201480	-54.172500	17.744000	5309186959269201920.000000	2.524025
430.000000	-93.547710	-127.433380	20.191000	5309186718730288128.000000	2.888264
431.000000	-92.669540	20.203230	20.129000	5309187337226329088.000000	2.826950
432.000000	-96.800020	-346.063830	19.247000	5308810445257943040.000000	3.140908
433.000000	-95.901310	-139.494880	18.737000	5309186718751143936.000000	2.671130
434.000000	-96.173130	-110.299040	20.215000	5309186718751029248.000000	2.982372
435.000000	-95.283220	114.305630	19.500000	5309187440305555456.000000	3.271748
436.000000	-96.914100	24.160540	20.544000	5309187405945805824.000000	2.920631
437.000000	-98.465590	40.575530	20.525000	5309187405945807872.000000	3.011107
438.000000	-102.058800	-106.378950	16.199000	5309186718751028224.000000	2.426465
439.000000	-101.062220	134.785840	20.381000	5309199294416515072.000000	2.757312
440.000000	-103.978220	167.075870	18.489000	5309199294416517120.000000	2.670650
441.000000	-107.424670	-209.666820	19.440000	5309186581312066560.000000	2.749071
442.000000	-105.527280	117.070740	17.327000	5309187440305554432.000000	2.453460
443.000000	-107.507510	-36.218740	17.785000	5309186959269201920.000000	2.643753
444.000000	-108.125010	204.908980	20.133000	5309199294416520192.000000	2.811381
445.000000	-109.705180	54.859700	20.266000	5309187401631024128.000000	2.721971
446.000000	-112.365200	-112.902360	19.944000	5309186924888716288.000000	3.031366
447.000000	-115.005950	-270.224590	18.165000	5308811201172168704.000000	2.601007
448.000000	-116.009350	-36.261110	18.421000	5309186959269201920.000000	2.530237
449.000000	-118.033660	149.425420	20.004000	5309199191337299968.000000	3.041119
450.000000	-122.156590	-103.550060	15.503000	5309186920597692416.000000	2.385212
451.000000	-124.342240	-61.827840	19.674000	5309186924909461504.000000	2.803671
452.000000	-131.512000	-39.945970	18.641000	5309186924909461504.000000	2.697057
453.000000	-136.069440	-154.718160	19.553000	5309186821809465344.000000	3.171490
454.000000	-137.752530	-89.811640	16.040000	5309186924909457408.000000	2.433147
455.000000	-139.746730	-189.641610	13.647000	5309186581312066560.000000	2.261477
456.000000	-140.603620	-130.206340	17.785000	5309186821830240256.000000	2.830695
457.000000	-144.199570	-335.698210	18.342000	5308811166812421120.000000	2.480728
458.000000	-141.910080	46.480560	20.364000	5309187401630987264.000000	2.825859
459.000000	-146.519150	-267.804280	17.090000	5308811269891385344.000000	2.820049
460.000000	-145.512390	-47.446980	16.700000	5309186993628936192.000000	2.204997
461.000000	-148.424460	59.614230	16.597000	5309199156977554432.000000	2.310139
462.000000	-151.376380	-255.425110	19.703000	5308811265576383488.000000	2.859906
463.000000	-160.064330	-247.082180	19.954000	5308811265576384512.000000	2.832344
464.000000	-161.059420	-222.999200	18.738000	5308811269891645440.000000	2.723115
465.000000	-159.769230	107.194570	20.254000	5309199152661538816.000000	2.980610
466.000000	-160.589020	201.945830	20.575000	5309199260056811520.000000	2.799739
467.000000	-166.322520	-302.421190	19.354000	5308811235531638784.000000	2.657923
468.000000	-166.338730	-250.185070	18.925000	5308811269891644416.000000	2.516225
469.000000	-166.552320	16.719070	20.510000	5309198779025106944.000000	4.759662
470.000000	-170.256130	-287.845600	19.582000	5308811235531640832.000000	2.449188
471.000000	-168.241630	-38.542880	19.809000	5309186993628936192.000000	2.929808
472.000000	-169.840120	161.327540	19.721000	5309199260056774656.000000	2.919114
473.000000	-172.518710	175.976500	19.935000	5309199260056775680.000000	2.779584
474.000000	-174.351250	189.402400	19.407000	5309199260056820736.000000	2.915839
475.000000	-175.652280	127.912770	18.117000	5309199225697034240.000000	2.563039
476.000000	-183.566610	-99.653030	20.473000	5309186890549715968.000000	3.556628
477.000000	-184.905690	-193.110840	18.685000	5308811476049821696.000000	4.679925
478.000000	-186.733680	-281.529350	17.923000	5308811235531639808.000000	2.467601
479.000000	-187.127110	-1.377330	20.876000	5309198740344600576.000000	3.065342
480.000000	-189.491870	49.595750	19.484000	5309198779020429312.000000	2.648415
481.000000	-191.637150	-38.643100	20.665000	5309186993628934144.000000	2.757293
482.000000	-193.917800	-101.790140	17.704000	5309186890549714944.000000	2.402112
483.000000	-194.969330	-23.275400	19.651000	5309198740347705344.000000	2.860686
484.000000	-197.181550	-137.290480	19.557000	5309186856189973504.000000	2.836165
485.000000	-196.203800	193.803330	20.168000	5309199466215204864.000000	2.820452
486.000000	-199.918270	-203.102260	19.036000	5308811476053945344.000000	2.811497
487.000000	-199.759550	-164.293960	19.920000	5309186787470494720.000000	2.910040
488.000000	-200.370870	-117.206700	18.637000	5309186856189974528.000000	2.720423
489.000000	-204.706640	0.111590	16.778000	5309198744660685824.000000	2.448222
490.000000	-204.766560	28.407550	19.976000	5309198744638750720.000000	2.948954
491.000000	-204.408390	59.692090	19.103000	5309198847739905024.000000	2.683423
492.000000	-209.246310	-268.275260	18.186000	5308811441690068992.000000	2.562455
493.000000	-206.821730	95.076820	19.540000	5309198847739908096.000000	2.766793
495.000000	-209.951610	98.528460	19.833000	5309198847739908096.000000	2.808683
496.000000	-209.308460	182.049530	19.084000	5309199431855465472.000000	3.090291
497.000000	-214.578890	-148.798540	19.697000	5309186851878222848.000000	0.756603
498.000000	-217.191410	-135.338290	19.306000	5309186856189972480.000000	2.707394
499.000000	-217.854640	116.985180	19.533000	5309198847739909120.000000	2.841441
500.000000	-221.749260	-231.789250	19.660000	5308811441690073088.000000	3.176787
501.000000	-226.694070	-152.848490	14.763000	5308811544769298432.000000	2.222383
502.000000	-228.788300	16.924650	19.206000	5309198813380162560.000000	2.858357
503.000000	-233.052910	-251.858580	18.277000	5308811437375834112.000000	2.953246
504.000000	-232.535220	78.514970	16.801000	5309198847739904000.000000	2.397183
505.000000	-235.072120	-187.061560	16.489000	5308811540455163904.000000	3.397576
506.000000	-241.605130	-226.240130	18.501000	5308811510409547776.000000	2.633061
507.000000	-243.119740	108.774180	20.534000	5309199053898380288.000000	4.598006
508.000000	-246.914900	-149.784620	17.448000	5308811544769296384.000000	2.389983
509.000000	-255.752410	123.837130	19.860000	5309199053898337280.000000	3.130948
510.000000	-265.108720	76.552700	20.411000	5309199019538593792.000000	2.904847
511.000000	-266.543150	4.945970	18.250000	5309198710300944384.000000	2.594534
512.000000	-268.859580	13.977830	14.309000	5309198710300944384.000000	2.282544
513.000000	-276.570670	41.215820	18.437000	5309198916459375616.000000	2.706614
514.000000	-285.805190	68.774500	19.774000	5309198916459425792.000000	2.720987
515.000000	-289.742480	-99.641580	16.095000	5308823360205296640.000000	2.338965
516.000000	-292.134150	-52.090100	19.875000	5309198675941200896.000000	2.837391
517.000000	-291.760840	26.714860	17.616000	5309198916459374592.000000	2.665897
518.000000	-295.991250	-117.437910	20.772000	5308823291497222144.000000	2.964207
519.000000	-311.010610	-13.032140	19.784000	5309198882099632128.000000	2.683921
520.000000	299.322570	-138.504640	17.496000	5309184657166891008.000000	2.300241
521.000000	274.079520	98.460560	17.858000	5309187852622588928.000000	2.454110
522.000000	261.155570	-179.400980	17.902000	5309183179698291712.000000	2.491604
523.000000	260.239910	-100.235160	20.115000	5309187607793295360.000000	2.733330
524.000000	252.565750	75.278430	20.305000	5309187852622580736.000000	3.008733
526.000000	244.393740	125.944150	19.306000	5309188058781019136.000000	2.618325
527.000000	204.756270	-132.764680	19.103000	5309186134635627520.000000	2.777314
528.000000	182.326740	-61.635460	19.506000	5309186199040076800.000000	2.681169
529.000000	166.299720	-1.640660	20.182000	5309187882667291648.000000	3.011271
530.000000	163.489890	-100.925660	19.930000	5309186203355227136.000000	3.095670
531.000000	164.043900	38.609870	20.662000	5309187921342042112.000000	3.203584
532.000000	157.667770	216.960970	18.908000	5309188883414740992.000000	3.123658
533.000000	142.177690	-336.416260	19.470000	5309182625627140096.000000	2.618399
534.000000	136.821410	-47.330750	20.137000	5309186405198516224.000000	3.016923
535.000000	123.138610	218.145390	19.224000	5309188917774339072.000000	2.821525
536.000000	110.270720	-350.105220	20.474000	5309185550520037376.000000	3.131312
537.000000	112.087780	163.722010	19.286000	5309188745975642112.000000	2.991441
538.000000	110.376320	48.955200	19.037000	5309187955701647360.000000	2.747325
539.000000	73.516660	-173.574180	18.791000	5309186237714824192.000000	3.409118
540.000000	72.283030	-283.445740	20.159000	5309185619239518208.000000	2.766897
542.000000	67.159580	-342.339480	19.536000	5309185516160294912.000000	2.682463
543.000000	69.282640	-77.524100	20.313000	5309186340794050560.000000	2.772091
544.000000	66.175870	-281.930890	17.601000	5309185619239518208.000000	2.784615
545.000000	59.923390	-12.612030	20.529000	5309187199787389952.000000	3.010882
546.000000	54.099810	-187.101880	17.071000	5309185859757699072.000000	2.529898
547.000000	53.962380	74.078250	19.409000	5309187234147137536.000000	2.775398
548.000000	48.140370	-367.712180	18.894000	5309185516140754944.000000	2.767316
549.000000	51.747750	263.223190	20.478000	5309189123932767232.000000	3.242992
550.000000	42.954360	-29.274180	19.907000	5309187195472499712.000000	2.823277
551.000000	32.792330	2.264400	20.387000	5309187199787387904.000000	3.606063
552.000000	32.223990	106.592530	20.235000	5309187302866616320.000000	2.814803
553.000000	30.365480	-102.027100	19.744000	5309186306434305024.000000	2.860463
554.000000	21.755390	-146.809610	18.913000	5309186306434298880.000000	2.701145
555.000000	8.969650	24.695730	17.719000	5309187268506864640.000000	2.640104
556.000000	7.073890	102.635840	20.338000	5309187504710228992.000000	2.749924
557.000000	3.248870	-35.244040	19.210000	5309187092393290752.000000	2.904164
558.000000	0.021110	90.684010	20.450000	5309187504710222848.000000	2.918704
559.000000	-6.812200	-78.984160	20.244000	5309187062348421120.000000	2.807971
560.000000	-9.503030	-215.964380	20.520000	5309185889802333184.000000	2.841238
561.000000	-16.336470	228.311200	19.234000	5309189050898546688.000000	-0.421884
562.000000	-21.597870	75.814440	20.272000	5309187474665298944.000000	3.286397
563.000000	-23.549360	268.018300	17.873000	5309189089573023744.000000	2.565817
564.000000	-27.894400	-122.798620	20.211000	5309186680076369920.000000	2.898567
565.000000	-28.705180	36.681240	18.627000	5309187165427646464.000000	2.681029
566.000000	-30.212110	-130.431080	19.782000	5309186684391292928.000000	2.754034
567.000000	-38.319180	-169.096970	19.110000	5309186650031551488.000000	2.622850
568.000000	-41.315160	-82.337730	19.520000	5309186753110772736.000000	2.847713
569.000000	-48.154280	-324.692060	16.651000	5309185756678452224.000000	3.659022
570.000000	-63.634760	-363.253990	17.460000	5308810376538445824.000000	2.510950
571.000000	-69.716030	-142.972330	18.156000	5309186718751028224.000000	5.007433
572.000000	-78.070440	-211.628540	20.351000	5309186546931556352.000000	2.828758
573.000000	-78.291430	-71.624560	19.138000	5309186753110771712.000000	2.613163
574.000000	-84.459750	-277.836140	19.625000	5309186512592698368.000000	2.783344
575.000000	-92.304510	-296.344840	19.637000	5308811201172168704.000000	2.970481
576.000000	-98.128550	105.843780	19.442000	5309187440305553408.000000	2.657406
577.000000	-103.398600	-211.571970	19.003000	5309186512592590848.000000	2.915924
578.000000	-104.639630	85.967350	20.025000	5309187440305550336.000000	2.898501
579.000000	-110.309080	215.239400	20.257000	5309199328776259584.000000	2.692118
580.000000	-114.834030	-137.924270	19.596000	5309186615671811072.000000	2.930236
581.000000	-115.281960	-131.192610	18.566000	5309186615671811072.000000	2.610209
582.000000	-128.563840	-58.303420	20.101000	5309186924909460480.000000	2.905609
583.000000	-135.986730	-176.066120	20.499000	5309186581312067584.000000	2.892372
584.000000	-136.547440	-70.082520	20.572000	5309186924909459456.000000	2.775037
585.000000	-139.191890	-84.124980	20.338000	5309186924909457408.000000	2.882884
586.000000	-141.849870	27.544600	19.460000	5309187027994586112.000000	2.883817
587.000000	-141.728790	189.148880	20.616000	5309199363135993856.000000	4.563088
588.000000	-146.994840	129.923710	20.093000	5309199191337297920.000000	4.199614
589.000000	-163.365270	-253.025780	20.222000	5308811269891385344.000000	2.944042
590.000000	-163.355420	219.762870	20.064000	5309199363135993856.000000	2.816474
591.000000	-179.036520	132.156760	20.333000	5309199225697034240.000000	2.889421
592.000000	-193.909360	-27.162020	20.549000	5309198744660684800.000000	3.210219
593.000000	-207.109850	-32.003770	20.371000	5309198637268489216.000000	3.071335
594.000000	-240.116440	-64.669310	18.045000	5309198607221726208.000000	2.356371
595.000000	-251.309410	-18.823650	18.800000	5309198710301005824.000000	2.925504
596.000000	-262.779340	36.596720	19.151000	5309198710300946432.000000	3.060729
597.000000	-273.705960	21.421040	17.102000	5309198705988768768.000000	2.440140
598.000000	-283.460610	23.670840	20.715000	5309198912146403328.000000	3.111357
599.000000	-294.456900	-72.254730	20.483000	5308823364519299072.000000	3.035967
600.000000	312.014000	53.133990	15.934000	5309187783903110144.000000	2.273716
601.000000	294.562810	-114.735080	18.384000	5309184691526631424.000000	2.435164
602.000000	260.372220	-96.923380	19.443000	5309187612104390656.000000	2.751409
603.000000	247.264410	-269.413570	18.770000	5309183072303768576.000000	2.891826
604.000000	246.777480	162.624320	20.777000	5309188436743886848.000000	2.852949
606.000000	223.132390	-124.115050	19.940000	5309186134635631616.000000	2.945629
607.000000	220.226930	21.581530	20.107000	5309187715183616000.000000	2.861929
608.000000	205.700820	63.110320	20.266000	5309188024421265408.000000	3.014682
609.000000	189.347390	-130.656310	18.555000	5309186130320553984.000000	2.718059
611.000000	148.772120	-57.458200	20.701000	5309186409513537536.000000	2.985306
612.000000	136.224010	199.810010	19.758000	5309188849054861312.000000	3.653607
613.000000	104.137000	-240.444530	19.019000	5309186031556389888.000000	3.058328
614.000000	70.483040	8.047360	18.103000	5309187234147133440.000000	2.697594
615.000000	52.535690	-379.161710	17.504000	5309185447440812032.000000	2.432742
616.000000	50.662720	-6.308600	19.983000	5309187199766798336.000000	2.868431
617.000000	0.780580	-34.776000	20.483000	5309187096687515648.000000	3.145052
618.000000	-2.152260	-6.840020	18.076000	5309187165427643392.000000	2.689302
619.000000	-13.847750	55.223360	18.589000	5309187268506866688.000000	2.721319
620.000000	-25.328900	-206.966220	18.324000	5309185894097931264.000000	2.604803
621.000000	-36.857740	-282.892740	16.288000	5309185791018663936.000000	2.383299
622.000000	-80.930250	205.394170	19.724000	5309199328776260608.000000	2.843892
623.000000	-101.705140	-99.322700	17.134000	5309186714436120576.000000	2.326676
624.000000	-109.709620	118.363730	19.742000	5309199191337298944.000000	2.763156
625.000000	-119.891650	-219.108350	20.142000	5309186576997094400.000000	3.192760
626.000000	-123.046440	80.661320	18.769000	5309187405945808896.000000	2.556678
627.000000	-131.776600	164.353950	20.724000	5309199191337299968.000000	2.758199
628.000000	-177.615910	-85.317800	19.373000	5309186890549716992.000000	2.673802
629.000000	-192.463330	-117.700280	18.799000	5309186856189974528.000000	2.481981
630.000000	-193.878180	-116.046110	20.313000	5309186856189974528.000000	3.011822
631.000000	-195.556690	-170.588400	17.459000	5309186787470494720.000000	2.422964
632.000000	-204.637120	26.355730	19.997000	5309198744660687872.000000	3.085438
633.000000	-243.547910	-146.179060	19.100000	5308811544751964160.000000	2.778383
634.000000	-315.805580	-20.494240	20.776000	5309198882099632128.000000	4.513005
635.000000	231.835060	-276.372760	20.202000	5309182969228614656.000000	2.853505
636.000000	152.104710	4.458480	20.411000	5309187882667291648.000000	2.917720
637.000000	135.042760	202.043090	18.304000	5309188849054861312.000000	3.054680
638.000000	108.117080	48.092850	20.237000	5309187955701646336.000000	2.817322
639.000000	-34.390370	-22.467960	19.942000	5309187126753025024.000000	0.920382
640.000000	-39.900410	-246.281460	19.629000	5309185791038200832.000000	3.916275
641.000000	-84.549870	-81.707980	18.655000	5309186753110769664.000000	2.940535
642.000000	-225.961190	-24.327120	20.620000	5309198637268491264.000000	2.862350
644.000000	-243.145720	-185.958510	19.631000	5308811510392206336.000000	0.078083
645.000000	-250.756660	-21.306730	19.930000	5309198710278956032.000000	2.758510
646.000000	-259.873500	-44.254380	19.643000	5309198675941267456.000000	2.656094
647.000000	221.034900	-187.832060	19.814000	5309183141027305472.000000	2.727910
648.000000	208.273160	151.702910	18.505000	5309188127479933952.000000	2.650089
649.000000	-80.163100	-121.017570	20.059000	5309186718751029248.000000	1.747210
650.000000	-98.946040	-316.401160	19.003000	5308810445241227264.000000	2.946741
651.000000	-278.347840	-24.451660	20.389000	5309198675919202304.000000	2.918453
653.000000	239.085680	121.524720	19.987000	5309188058781017088.000000	2.908658
654.000000	222.861790	-121.774640	18.876000	5309186134635631616.000000	2.588507
655.000000	117.654370	16.621630	17.703000	5309186478232894464.000000	2.521183
657.000000	225.604150	186.345840	16.491000	5309188505457484800.000000	2.320802
658.000000	117.013970	-341.722350	18.964000	5309185550500546560.000000	2.914964
661.000000	-189.090150	-316.632440	17.309000	5308811235531632640.000000	2.505124
662.000000	119.975280	15.971780	20.268000	5309186478232894464.000000	3.077849
