 1    326.24470    -70.91688 18.364
 2    321.98355    -61.43959 19.088
 3    315.18718     -3.60887 20.435
 4    311.31401    -79.95700 20.318
 5    309.14436     -7.41224 16.459
 6    289.11062     74.99616 20.346
 7    284.56421     15.82072 18.068
 8    278.34561   -172.52009 20.348
 9    273.02067   -191.37430 20.587
 10    266.22995    -87.75370 18.348
 11    266.71323     52.89778 16.444
 12    261.50653    -27.26520 20.308
 13    258.71575      5.85974 20.318
 14    251.85398    -96.15275 19.659
 15    240.13627   -196.35766 19.103
 16    239.27159      0.38418 20.503
 17    234.78398   -129.13696 20.183
 18    231.91872   -154.90853 19.056
 19    228.29694   -276.11529 18.125
 20    220.27424     25.03747 18.793
 21    216.83530   -235.16602 15.713
 22    216.28250     23.06330 18.531
 23    206.91893    -32.75951 16.783
 24    202.20180   -104.21315 18.279
 25    202.56288     37.55457 20.171
 26    191.70330   -151.25135 20.123
 27    187.11350    122.49885 19.26
 28    183.91386    -91.66144 17.758
 29    183.45940   -118.22892 20.177
 30    178.26258   -285.08297 18.999
 31    175.97050   -192.84801 17.574
 32    175.00036   -247.27899 19.509
 33    174.93713   -103.63866 20.361
 34    176.82940    176.72746 20.471
 35    172.55702   -155.94396 19.002
 36    170.40092   -124.29743 19.136
 37    168.58238   -259.40361 16.714
 38    171.70775    132.12936 20.71
 39    165.57459     48.50819 19.085
 40    164.85057      4.55295 18.884
 41    163.34511    -21.29342 18.245
 42    162.59435     83.64750 15.901
 43    161.21723     98.80501 19.68
 44    157.19394     67.99327 19.276
 45    157.36910    154.10518 20.461
 46    155.22696     23.89529 20.23
 47    152.75652   -162.58235 18.215
 48    153.47252    123.94120 16.387
 49    149.78837   -179.64336 19.296
 50    149.79422     99.32090 20.04
 51    138.88579   -141.04075 16.803
 52    135.07573   -343.86167 20.35
 53    138.15574     72.44010 20.708
 54    137.28152     -5.78715 18.608
 55    133.53537   -300.80414 20.033
 56    129.62753   -290.28866 14.913
 57    127.60799    -66.07860 20.144
 58    126.21015   -197.40554 15.29
 59    125.29397   -108.98867 18.912
 60    124.42041     31.95215 15.061
 61    119.30328     46.53633 19.3
 62    113.10352   -279.07915 19.061
 63    114.63657     99.17202 19.278
 64    110.33772   -259.63704 20.406
 65    111.22197    220.89073 20.485
 66    103.58168    174.06016 18.909
 67     91.70140   -215.52432 19.624
 68     93.84729    215.32263 20.245
 69     90.92450     65.74432 15.009
 70     89.97873    -32.28314 15.537
 71     88.66165     94.58169 20.092
 72     85.16759    225.08384 19.723
 73     80.94832   -228.08210 20.249
 74     83.53510     64.66864 18.374
 75     81.63181    135.84172 18.134
 76     78.85257   -127.24488 16.281
 77     76.95310     -8.37184 20.433
 78     73.63324    105.60586 17.638
 79     73.72169    242.11795 20.443
 80     70.17954     -9.08850 17.845
 81     69.11572    -28.09601 17.13
 82     61.46605    -58.04467 20.538
 83     54.35748   -347.19426 20.251
 84     54.90367   -178.93016 16.814
 85     57.31889    183.33706 18.013
 86     55.40894    103.56173 17.138
 87     53.40576     -6.45356 19.147
 88     52.86499    -43.85737 18.47
 89     54.49404    142.51409 19.639
 90     49.85994     53.99168 17.969
 91     48.51693    -51.27189 16.903
 92     49.48323    127.53982 20.229
 93     43.72639    -58.54241 20.088
 94     41.06959     21.59435 17.969
 95     41.52571    219.99032 17.494
 96     38.91350      8.49093 19.876
 97     38.20311     36.24711 16.813
 98     35.63699    -14.90826 19.165
 99     35.15957     18.49986 17.714
 100     35.95160    240.43979 20.026
 101     30.13941   -177.19509 18.827
 102     25.73429   -299.91844 19.983
 103     26.54613    120.74166 17.312
 104     24.37509   -112.10600 19.208
 105     23.68668    200.77019 19.72
 106     21.28177    -68.07752 18.338
 107     18.06377   -167.29313 20.434
 108     14.19046   -114.51669 20.637
 109     11.01188   -327.78068 15.835
 110     11.57216   -162.32448 20.002
 111     12.70482     19.69146 15.567
 112      9.22596   -266.83243 20.218
 113      7.67253   -163.94423 18.641
 114      8.10976    124.41580 16.259
 115      3.03616   -121.06804 17.468
 116      0.75872   -183.20405 20.579
 117      0.37976    -26.28000 18.831
 118      2.40941    237.49209 20.196
 119      0.80304    219.52808 17.914
 120     -3.01398   -175.32007 20.221
 121     -3.08205     59.25597 16.391
 122     -7.90697   -115.45222 16.362
 123    -12.71355   -125.42456 20.43
 124    -15.69739    -20.66483 20.218
 125    -22.37477     47.44632 16.459
 126    -23.36433    166.24621 16.986
 127    -27.29601    -51.44650 19.987
 128    -32.71292    -71.17559 18.895
 129    -38.14468   -192.06494 18.559
 130    -39.43873   -319.07348 19.718
 131    -52.29453    -46.37717 19.946
 132    -53.88128     83.36629 16.429
 133    -54.10932    188.34226 19.96
 134    -55.65035     71.41363 19.922
 135    -58.67744     38.36447 19.659
 136    -59.68358    179.37613 17.32
 137    -62.88733   -139.04529 15.894
 138    -65.21422   -169.21431 19.906
 139    -69.02701     53.80405 20.334
 140    -68.85742    235.53225 17.8
 141    -75.24423   -258.49916 20.441
 142    -76.28788   -194.95960 17.484
 143    -75.30593     72.62902 16.394
 144    -77.76702   -106.54430 19.699
 145    -81.70781    -33.89838 20.257
 146    -83.76965    144.12055 15.367
 147    -84.80174     64.66792 20.324
 148    -85.65133     73.66744 17.677
 149    -87.49803     90.65838 20.463
 150    -90.12778    -99.81925 20.227
 151    -88.94767    184.86959 20.392
 152    -92.29957    -31.99655 20.331
 153    -93.92169   -169.66165 16.506
 154    -97.56928   -264.41613 17.659
 155    -96.60970   -152.45535 20.546
 156    -93.85190    189.00660 18.398
 157    -97.85304    136.55198 19.438
 158   -102.45745   -323.78356 18.781
 159   -104.44575   -190.69268 18.076
 160   -103.31620    187.30835 18.383
 161   -116.20658    135.89084 20.581
 162   -120.00245   -159.99636 19.417
 163   -121.17169   -225.58940 20.548
 164   -122.14570   -194.01815 17.856
 165   -122.87482   -255.39885 18.084
 166   -119.15998    184.45256 20.206
 167   -123.57485   -249.53142 19.53
 168   -124.05299    224.98464 20.19
 169   -127.38637    -53.91040 19.563
 170   -130.30773      6.31511 18.338
 171   -131.50204    -99.09401 14.41
 172   -130.25155    111.25523 20.401
 173   -136.47058   -200.07859 18.288
 174   -133.84008    133.24808 20.677
 175   -149.98985   -105.05147 20.37
 176   -150.27337     50.90038 18.762
 177   -151.54135     10.75906 19.553
 178   -164.98912    -99.09131 19.548
 179   -166.88433   -233.26564 18.968
 180   -173.79801    -49.70926 19.822
 181   -176.84357    153.00341 20.551
 182   -181.75600     41.28936 15.312
 183   -181.92724    129.88527 19.396
 184   -196.66791    -79.14970 20.236
 185   -208.51666     84.05845 19.763
 186   -210.79695    -80.24901 19.709
 187   -223.67345   -100.75181 19.062
 188   -235.16764    -32.87336 20.626
 189   -250.73398   -172.75906 19.205
 190   -251.23257     10.73254 17.632
 191   -251.05907     58.14494 19.068
 192   -253.68354   -136.33195 19.553
 193   -254.26483     44.02748 17.868
 194   -260.03618    -47.74668 18.291
 195   -264.27997     -9.91804 16.267
 196   -268.71012     59.91422 20.528
 197   -272.98030     16.99436 15.881
 198   -276.32461     79.34037 18.806
 199   -283.12184   -165.79707 16.538
 200   -287.58169   -181.24967 18.87
 201   -294.22229   -169.74259 20.59
 202   -300.36634    -59.88248 17.911
 203    326.61246    -47.44560 18.071
 204    321.61231    -18.38263 19.517
 205    319.23298   -144.19799 20.552
 206    318.17680     13.01684 18.316
 207    316.11032    -85.76311 20.722
 208    312.12261      4.13760 18.218
 209    311.65495     22.71464 17.359
 210    306.58430    -62.09114 18.17
 211    304.20272   -164.50662 19.675
 212    300.07234     77.20654 18.527
 213    297.36422    -10.41231 20.292
 214    292.80022     18.61280 20.339
 215    287.59837    -85.16538 17.605
 216    280.07116   -218.85549 18.212
 217    281.26046    -35.07715 19.506
 218    278.36977   -193.43621 20.459
 219    275.21116    -66.42195 20.633
 220    272.67683    128.19922 19.575
 221    271.11392     58.39787 20.488
 222    265.33828    -43.65200 18.272
 223    262.23489   -176.88287 18.013
 224    260.59184    -91.91975 15.997
 225    255.61267    -31.68299 18.174
 226    255.67121    -22.14307 20.015
 227    254.29177    -39.24075 19.231
 228    248.96446   -247.85233 20.179
 229    250.09508    125.39471 16.771
 230    246.39168   -198.49189 20.465
 231    246.19688   -137.79540 16.054
 232    246.44426    114.31275 20.546
 233    241.41949   -249.78391 19.501
 234    241.59832    -74.35573 17.102
 235    237.99032   -233.68633 19.927
 236    237.50980    -45.87310 17.962
 237    231.95984   -250.34486 19.472
 238    226.47238    159.77646 19.605
 239    219.81914   -183.36625 16.136
 240    219.77155   -101.25001 20.578
 241    220.43759     78.49732 20.39
 242    220.24952     65.50157 13.449
 243    216.95731   -223.71816 19.88
 244    216.06239   -288.69707 19.703
 245    215.83924    -49.90817 20.253
 246    213.29732   -175.22075 18.88
 247    214.17373    186.21865 20.645
 248    209.25326     37.18534 18.404
 249    205.82022   -278.24251 17.605
 250    203.52508   -293.17940 18.9
 251    204.97516    -19.47280 19.817
 252    205.49012    124.77871 19.789
 253    200.68375   -276.21949 19.914
 254    192.56263    -57.11232 19.147
 255    190.41372   -220.11784 16.984
 256    187.39953    -70.06576 19.111
 257    189.32269    149.28011 20.171
 258    183.14580   -150.37659 20.517
 259    179.82996   -295.20088 18.854
 260    181.76095    -75.89078 18.514
 261    179.28252   -330.08434 19.774
 262    181.30004    -21.27816 18.993
 263    181.45148     33.87372 18.791
 264    176.76244   -111.45282 20.35
 265    172.45147    172.62857 20.723
 266    164.81944   -195.31926 16.483
 267    162.04890    106.32812 19.117
 268    156.23129   -225.94606 20.423
 269    153.82959   -307.30376 20.085
 270    155.87857    183.19479 19.359
 271    150.43476   -311.72831 20.056
 272    153.35838    218.51346 18.629
 273    150.32545    -23.11573 19.508
 274    143.49098   -350.02557 19.87
 275    145.20469    -60.15469 18.194
 276    143.96564   -185.54163 18.924
 277    146.24876     79.77640 17.341
 278    144.30017   -101.19385 18.852
 279    143.31610    169.92334 20.415
 280    138.02971      4.65217 18.901
 281    135.30045    -72.92539 20.537
 282    133.91927    -84.33615 20.491
 283    134.00310    -37.96819 20.136
 284    129.47665   -221.56438 20.28
 285    129.88036    -96.71658 19.271
 286    128.48792    -23.99533 18.827
 287    125.23212   -157.51666 19.844
 288    125.12410    -85.26451 19.735
 289    116.86947   -311.23015 18.279
 290    120.09862     64.35571 19.147
 291    120.42050    149.38751 19.321
 292    117.52643    -92.17033 19.539
 293    112.87680    201.48546 19.192
 294    111.98065    189.89412 18.016
 295    108.93569    -73.83979 20.032
 296    110.00334     87.07950 20.413
 297    104.30647   -359.38895 14.668
 298    107.52144    100.32931 20.543
 299    100.62809   -351.25039 19.874
 300     98.42451    106.34759 20.574
 301     97.77555    147.24404 19.969
 302     94.05181   -197.27376 19.803
 303     95.63375     35.17737 19.17
 304     92.10288   -315.89276 20.538
 305     89.47960   -301.20312 13.519
 306     89.00668   -317.29488 20.477
 307     88.09066   -263.97821 18.435
 308     87.41552    -14.13761 18.91
 309     83.00154   -286.65534 16.769
 310     82.03811   -353.32698 15.613
 311     86.89457    214.82283 18.847
 312     83.51915   -152.19544 20.536
 313     82.16084    -54.05863 17.281
 314     79.39839    -92.07315 19.967
 315     78.30549     35.58346 20.858
 316     75.77436    122.05680 14.778
 317     73.71625     17.15380 20.561
 318     72.13783    113.59860 19.694
 319     71.40704     86.85094 19.806
 320     64.69867   -240.06217 16.796
 321     66.36322    -50.16276 19.617
 322     64.45132   -129.93795 17.607
 323     64.38151    -96.31391 18.397
 324     63.42123     75.62254 18.005
 325     61.92564    -17.97685 20.667
 326     59.62852   -274.83611 20.27
 327     61.71161    -25.32076 17.088
 328     61.25878      2.25543 19.056
 329     58.38016   -235.52355 19.608
 330     57.83979   -270.69540 20.115
 331     59.19531    173.43632 20.404
 332     54.76974   -199.27013 19.186
 333     53.11033   -361.37786 20.529
 334     52.95476   -325.26970 19.815
 335     50.06948   -327.24870 19.325
 336     51.03570   -149.55277 20.181
 337     49.00488     21.44796 17.418
 338     48.21904      6.07621 18.297
 339     47.46881     35.81245 19.02
 340     48.24676    222.65230 20.116
 341     42.89703   -301.54240 20.007
 342     40.71164    102.05446 19.286
 343     33.31091   -226.62382 19.815
 344     32.35336   -172.94755 18.987
 345     32.08989    -25.99545 19.201
 346     27.78486   -257.90673 19.464
 347     29.81027     74.40903 18.378
 348     25.63772   -249.19433 18.409
 349     25.47496   -215.42626 17.064
 350     28.74783    258.44137 19.736
 351     25.25761   -130.25016 18.063
 352     27.28977    145.29353 20.73
 353     22.60697   -369.47011 19.181
 354     25.44747     -5.97817 16.57
 355     23.22596   -179.46186 18.451
 356     25.91155    236.66186 17.001
 357     23.28255     48.20219 20.766
 358     22.08978    -24.01364 19.426
 359     19.72649   -185.65336 18.186
 360     18.40921   -100.90914 18.039
 361     16.90830   -133.63298 19.873
 362     14.30503    -19.15269 18.193
 363     13.18635    -24.04858 19.371
 364      9.68619   -315.61256 19.081
 365      7.73148    160.48783 18.905
 366      4.93848     21.67192 20.086
 367      4.47280    -24.55207 20.841
 368      0.71598   -306.79223 16.988
 369      1.26531    -92.88001 19.992
 370      0.50625    -55.47600 19.461
 371     -0.90829    151.63202 18.77
 372     -3.20596    -68.58004 19.947
 373     -6.82182   -329.29244 20.252
 374     -3.94616      6.37195 17.063
 375     -8.20265   -106.56024 19.48
 376    -12.49786   -183.27657 19.432
 377    -11.79978     50.61553 14.567
 378    -13.24564    168.69545 16.703
 379    -16.86138   -175.64500 19.497
 380    -14.71244    261.61142 20.389
 381    -22.91004    -40.75376 16.7
 382    -25.36641     13.71384 19.579
 383    -28.33506   -244.73081 19.538
 384    -27.17616    217.47361 17.43
 385    -32.00714   -116.64345 19.927
 386    -29.78844    176.68508 20.522
 387    -33.04060    -20.09166 19.745
 388    -35.12404   -221.76423 17.972
 389    -32.72604     84.92042 18.321
 390    -38.16802   -347.62123 19.477
 391    -35.82929     -4.86430 18.717
 392    -38.25838   -241.70903 15.824
 393    -38.55401      5.61102 19.772
 394    -41.37319   -253.08588 16.002
 395    -37.51654    244.07541 16.953
 396    -40.35687     39.48655 18.276
 397    -43.96012   -267.19864 20.043
 398    -41.40613    169.80630 19.628
 399    -50.87188   -258.88483 20.348
 400    -51.24080   -227.42091 20.667
 401    -48.76615     65.90804 20.27
 402    -50.67357    150.07544 19.841
 403    -54.65392     60.00200 20.614
 404    -56.31820     50.92938 18.9
 405    -56.30349    123.90141 19.304
 406    -59.79225   -234.22811 19.934
 407    -62.95332   -232.32141 20.39
 408    -63.29076     66.65859 19.758
 409    -65.22484    -48.50626 19.097
 410    -69.15855   -299.32028 19.691
 411    -69.02248   -138.36401 15.336
 412    -70.11663    -53.15248 19.973
 413    -68.91243    125.73212 19.232
 414    -69.28116    146.64797 19.328
 415    -70.66035     70.57929 16.525
 416    -72.53552   -110.75366 17.059
 417    -72.20447    -10.52947 19.531
 418    -71.99357     33.42664 17.648
 419    -76.77661     58.73226 20.598
 420    -80.87316    -94.70194 18.375
 421    -81.40120    -54.52622 18.084
 422    -82.53160    -70.18684 20.38
 423    -84.38396    109.88418 18.271
 424    -86.27534    -52.00895 17.944
 425    -85.05654    178.49985 19.844
 426    -89.39388   -198.35089 18.217
 427    -88.02630    163.01811 16.003
 428    -91.06387     51.95623 17.771
 429    -92.20148    -54.17250 17.744
 430    -93.54771   -127.43338 20.191
 431    -92.66954     20.20323 20.129
 432    -96.80002   -346.06383 19.247
 433    -95.90131   -139.49488 18.737
 434    -96.17313   -110.29904 20.215
 435    -95.28322    114.30563 19.5
 436    -96.91410     24.16054 20.544
 437    -98.46559     40.57553 20.525
 438   -102.05880   -106.37895 16.199
 439   -101.06222    134.78584 20.381
 440   -103.97822    167.07587 18.489
 441   -107.42467   -209.66682 19.44
 442   -105.52728    117.07074 17.327
 443   -107.50751    -36.21874 17.785
 444   -108.12501    204.90898 20.133
 445   -109.70518     54.85970 20.266
 446   -112.36520   -112.90236 19.944
 447   -115.00595   -270.22459 18.165
 448   -116.00935    -36.26111 18.421
 449   -118.03366    149.42542 20.004
 450   -122.15659   -103.55006 15.503
 451   -124.34224    -61.82784 19.674
 452   -131.51200    -39.94597 18.641
 453   -136.06944   -154.71816 19.553
 454   -137.75253    -89.81164 16.04
 455   -139.74673   -189.64161 13.647
 456   -140.60362   -130.20634 17.785
 457   -144.19957   -335.69821 18.342
 458   -141.91008     46.48056 20.364
 459   -146.51915   -267.80428 17.09
 460   -145.51239    -47.44698 16.7
 461   -148.42446     59.61423 16.597
 462   -151.37638   -255.42511 19.703
 463   -160.06433   -247.08218 19.954
 464   -161.05942   -222.99920 18.738
 465   -159.76923    107.19457 20.254
 466   -160.58902    201.94583 20.575
 467   -166.32252   -302.42119 19.354
 468   -166.33873   -250.18507 18.925
 469   -166.55232     16.71907 20.51
 470   -170.25613   -287.84560 19.582
 471   -168.24163    -38.54288 19.809
 472   -169.84012    161.32754 19.721
 473   -172.51871    175.97650 19.935
 474   -174.35125    189.40240 19.407
 475   -175.65228    127.91277 18.117
 476   -183.56661    -99.65303 20.473
 477   -184.90569   -193.11084 18.685
 478   -186.73368   -281.52935 17.923
 479   -187.12711     -1.37733 20.876
 480   -189.49187     49.59575 19.484
 481   -191.63715    -38.64310 20.665
 482   -193.91780   -101.79014 17.704
 483   -194.96933    -23.27540 19.651
 484   -197.18155   -137.29048 19.557
 485   -196.20380    193.80333 20.168
 486   -199.91827   -203.10226 19.036
 487   -199.75955   -164.29396 19.92
 488   -200.37087   -117.20670 18.637
 489   -204.70664      0.11159 16.778
 490   -204.76656     28.40755 19.976
 491   -204.40839     59.69209 19.103
 492   -209.24631   -268.27526 18.186
 493   -206.82173     95.07682 19.54
 494   -210.25815   -178.13244 19.134
 495   -209.95161     98.52846 19.833
 496   -209.30846    182.04953 19.084
 497   -214.57889   -148.79854 19.697
 498   -217.19141   -135.33829 19.306
 499   -217.85464    116.98518 19.533
 500   -221.74926   -231.78925 19.66
 501   -226.69407   -152.84849 14.763
 502   -228.78830     16.92465 19.206
 503   -233.05291   -251.85858 18.277
 504   -232.53522     78.51497 16.801
 505   -235.07212   -187.06156 16.489
 506   -241.60513   -226.24013 18.501
 507   -243.11974    108.77418 20.534
 508   -246.91490   -149.78462 17.448
 509   -255.75241    123.83713 19.86
 510   -265.10872     76.55270 20.411
 511   -266.54315      4.94597 18.25
 512   -268.85958     13.97783 14.309
 513   -276.57067     41.21582 18.437
 514   -285.80519     68.77450 19.774
 515   -289.74248    -99.64158 16.095
 516   -292.13415    -52.09010 19.875
 517   -291.76084     26.71486 17.616
 518   -295.99125   -117.43791 20.772
 519   -311.01061    -13.03214 19.784
 520    299.32257   -138.50464 17.496
 521    274.07952     98.46056 17.858
 522    261.15557   -179.40098 17.902
 523    260.23991   -100.23516 20.115
 524    252.56575     75.27843 20.305
 525    247.59258     55.45072 19.588
 526    244.39374    125.94415 19.306
 527    204.75627   -132.76468 19.103
 528    182.32674    -61.63546 19.506
 529    166.29972     -1.64066 20.182
 530    163.48989   -100.92566 19.93
 531    164.04390     38.60987 20.662
 532    157.66777    216.96097 18.908
 533    142.17769   -336.41626 19.47
 534    136.82141    -47.33075 20.137
 535    123.13861    218.14539 19.224
 536    110.27072   -350.10522 20.474
 537    112.08778    163.72201 19.286
 538    110.37632     48.95520 19.037
 539     73.51666   -173.57418 18.791
 540     72.28303   -283.44574 20.159
 541     69.20865   -282.14827 19.184
 542     67.15958   -342.33948 19.536
 543     69.28264    -77.52410 20.313
 544     66.17587   -281.93089 17.601
 545     59.92339    -12.61203 20.529
 546     54.09981   -187.10188 17.071
 547     53.96238     74.07825 19.409
 548     48.14037   -367.71218 18.894
 549     51.74775    263.22319 20.478
 550     42.95436    -29.27418 19.907
 551     32.79233      2.26440 20.387
 552     32.22399    106.59253 20.235
 553     30.36548   -102.02710 19.744
 554     21.75539   -146.80961 18.913
 555      8.96965     24.69573 17.719
 556      7.07389    102.63584 20.338
 557      3.24887    -35.24404 19.21
 558      0.02111     90.68401 20.45
 559     -6.81220    -78.98416 20.244
 560     -9.50303   -215.96438 20.52
 561    -16.33647    228.31120 19.234
 562    -21.59787     75.81444 20.272
 563    -23.54936    268.01830 17.873
 564    -27.89440   -122.79862 20.211
 565    -28.70518     36.68124 18.627
 566    -30.21211   -130.43108 19.782
 567    -38.31918   -169.09697 19.11
 568    -41.31516    -82.33773 19.52
 569    -48.15428   -324.69206 16.651
 570    -63.63476   -363.25399 17.46
 571    -69.71603   -142.97233 18.156
 572    -78.07044   -211.62854 20.351
 573    -78.29143    -71.62456 19.138
 574    -84.45975   -277.83614 19.625
 575    -92.30451   -296.34484 19.637
 576    -98.12855    105.84378 19.442
 577   -103.39860   -211.57197 19.003
 578   -104.63963     85.96735 20.025
 579   -110.30908    215.23940 20.257
 580   -114.83403   -137.92427 19.596
 581   -115.28196   -131.19261 18.566
 582   -128.56384    -58.30342 20.101
 583   -135.98673   -176.06612 20.499
 584   -136.54744    -70.08252 20.572
 585   -139.19189    -84.12498 20.338
 586   -141.84987     27.54460 19.46
 587   -141.72879    189.14888 20.616
 588   -146.99484    129.92371 20.093
 589   -163.36527   -253.02578 20.222
 590   -163.35542    219.76287 20.064
 591   -179.03652    132.15676 20.333
 592   -193.90936    -27.16202 20.549
 593   -207.10985    -32.00377 20.371
 594   -240.11644    -64.66931 18.045
 595   -251.30941    -18.82365 18.8
 596   -262.77934     36.59672 19.151
 597   -273.70596     21.42104 17.102
 598   -283.46061     23.67084 20.715
 599   -294.45690    -72.25473 20.483
 600    312.01400     53.13399 15.934
 601    294.56281   -114.73508 18.384
 602    260.37222    -96.92338 19.443
 603    247.26441   -269.41357 18.77
 604    246.77748    162.62432 20.777
 605    234.24153    -44.93193 19.749
 606    223.13239   -124.11505 19.94
 607    220.22693     21.58153 20.107
 608    205.70082     63.11032 20.266
 609    189.34739   -130.65631 18.555
 610    187.66553    124.83816 19.503
 611    148.77212    -57.45820 20.701
 612    136.22401    199.81001 19.758
 613    104.13700   -240.44453 19.019
 614     70.48304      8.04736 18.103
 615     52.53569   -379.16171 17.504
 616     50.66272     -6.30860 19.983
 617      0.78058    -34.77600 20.483
 618     -2.15226     -6.84002 18.076
 619    -13.84775     55.22336 18.589
 620    -25.32890   -206.96622 18.324
 621    -36.85774   -282.89274 16.288
 622    -80.93025    205.39417 19.724
 623   -101.70514    -99.32270 17.134
 624   -109.70962    118.36373 19.742
 625   -119.89165   -219.10835 20.142
 626   -123.04644     80.66132 18.769
 627   -131.77660    164.35395 20.724
 628   -177.61591    -85.31780 19.373
 629   -192.46333   -117.70028 18.799
 630   -193.87818   -116.04611 20.313
 631   -195.55669   -170.58840 17.459
 632   -204.63712     26.35573 19.997
 633   -243.54791   -146.17906 19.1
 634   -315.80558    -20.49424 20.776
 635    231.83506   -276.37276 20.202
 636    152.10471      4.45848 20.411
 637    135.04276    202.04309 18.304
 638    108.11708     48.09285 20.237
 639    -34.39037    -22.46796 19.942
 640    -39.90041   -246.28146 19.629
 641    -84.54987    -81.70798 18.655
 642   -225.96119    -24.32712 20.62
 643   -227.06241    -21.62879 19.581
 644   -243.14572   -185.95851 19.631
 645   -250.75666    -21.30673 19.93
 646   -259.87350    -44.25438 19.643
 647    221.03490   -187.83206 19.814
 648    208.27316    151.70291 18.505
 649    -80.16310   -121.01757 20.059
 650    -98.94604   -316.40116 19.003
 651   -278.34784    -24.45166 20.389
 652    260.40234     77.53298 19.668
 653    239.08568    121.52472 19.987
 654    222.86179   -121.77464 18.876
 655    117.65437     16.62163 17.703
 656     37.08675    -39.42461 19.82
 657    225.60415    186.34584 16.491
 658    117.01397   -341.72235 18.964
 659   -159.34059    101.29103 20.062
 660     81.36516    111.61385 20.01
 661   -189.09015   -316.63244 17.309
 662    119.97528     15.97178 20.268
 663    116.88626   -343.48626 19.355
