# [bp-rp]
1.020549
1.008503
1.168478
1.240997
0.602416
1.361353
0.883056
1.189243
1.380787
0.763859
0.696079
1.211525
1.106291
1.068391
0.990499
1.330025
1.263336
1.109523
0.922651
1.151057
0.713828
0.935775
0.875725
1.018529
1.158777
1.279817
1.259378
0.953733
1.239952
0.994288
0.897099
0.997479
1.908838
1.491293
1.598237
0.887318
0.797379
1.234991
1.980028
1.043290
0.798265
0.683463
1.217782
1.172057
1.164825
1.378656
0.899094
0.786469
1.012089
1.161919
0.744438
1.191528
1.391979
0.907573
1.284594
0.668350
1.094147
0.728059
1.059342
0.429272
1.041724
0.898457
1.156767
1.325665
1.176136
1.006366
1.385107
1.145895
0.765494
0.719320
1.316610
0.978368
1.611770
0.823204
1.178005
0.703190
1.437937
0.775438
1.202038
0.904875
0.730834
1.323484
1.158863
0.634792
0.718347
0.993090
0.995393
1.335855
0.729436
1.118275
1.210264
0.921156
0.758834
1.104122
0.664573
1.040861
0.803700
1.238207
1.349193
0.852364
1.064412
1.136273
0.967385
1.850667
1.356966
0.691788
2.267668
0.664936
1.356153
1.209256
0.666958
1.703875
1.251530
1.071523
1.271172
0.952980
1.167662
0.644423
0.676408
1.254120
1.355596
0.636115
0.785388
1.178644
0.929907
0.936555
0.949152
1.357708
0.990225
1.067558
1.200477
1.049750
0.707845
0.684178
1.457850
1.117098
1.687142
1.403599
0.954074
0.743735
1.237930
1.180010
1.410372
1.097338
1.637416
1.177439
1.284304
1.324783
1.313816
0.840949
0.845235
1.293734
0.844881
1.117172
0.924139
0.706607
1.039197
1.320200
1.082932
1.113316
1.025091
0.848759
1.223034
2.218984
1.296282
1.093599
0.868251
0.699989
1.381100
0.943641
1.342890
1.162346
1.266445
1.115912
1.122127
1.041977
1.185509
1.469954
0.645324
1.074966
1.539574
1.079034
1.030357
1.001193
1.390333
1.158859
0.875736
1.075276
0.813485
1.090179
0.740442
1.204483
0.859189
1.324726
1.459142
1.066298
1.388678
0.845111
1.294044
1.045754
1.454038
0.945586
1.157255
1.108719
0.750231
0.795774
1.354010
0.941989
1.390453
1.278379
1.567427
0.910598
1.164700
1.240093
1.365849
1.263803
1.239161
1.273595
0.733780
0.722943
0.813312
1.000150
1.153662
0.535002
1.214602
0.550303
1.330240
1.096814
1.335789
1.228917
1.015656
1.177814
1.170520
0.793512
1.254593
1.152023
0.201165
1.120953
1.109827
1.257601
0.942912
1.169346
1.164635
0.916890
0.909079
1.276831
1.117577
1.405917
1.095568
0.929204
1.115855
1.352852
1.490048
1.046969
0.938974
1.157266
1.091043
1.028681
1.173948
1.166199
0.462920
1.069855
1.317369
1.374353
1.635167
1.203072
0.954763
1.768839
0.970223
1.107038
1.717207
0.924713
1.134567
1.030046
1.519736
1.283817
1.857885
1.237497
1.298952
0.952397
1.345473
1.069367
0.865918
1.221975
1.335088
1.351879
1.118304
0.869644
1.217024
1.254417
1.187977
1.227461
1.133121
1.343620
1.092085
1.127072
1.254097
0.162803
1.489393
0.992808
0.920888
0.756290
0.613101
1.064765
1.139454
0.634749
1.822269
1.247854
0.511215
1.335518
0.990281
1.234723
0.766917
1.091807
0.713971
1.018991
0.959681
1.276821
1.172003
0.701152
1.114602
1.161524
1.294483
0.984436
1.249752
1.327424
1.010987
1.360428
0.676619
0.806045
0.982089
1.255932
1.489473
1.089767
1.365052
1.102013
1.270766
1.291580
0.990738
0.869968
0.601776
1.135649
0.800161
1.277950
1.707197
0.682019
1.090337
0.860208
1.292677
1.438333
0.816295
0.752109
1.657821
0.804767
1.145949
1.096533
0.987655
1.349255
1.321941
0.657532
1.143114
1.062856
1.322531
1.385719
1.221325
0.726256
1.084763
1.295840
0.323006
0.746492
1.010494
2.083750
1.904933
0.981554
1.867544
0.911054
1.331684
1.291605
0.851812
0.882815
1.335744
0.522535
0.789602
0.759216
0.768620
1.166428
1.199471
1.326511
1.292555
1.253004
1.249951
1.043594
1.178935
1.148838
1.296766
1.183584
0.951979
1.177610
0.551991
2.380557
0.790434
0.729985
1.577063
0.794985
1.243689
0.897540
0.761669
1.142427
0.777921
0.699939
1.264315
0.907901
0.692254
0.893418
0.982798
1.301968
1.305031
1.358378
0.921308
1.339014
1.212323
1.266634
1.313763
0.507238
1.219946
1.021726
0.945427
0.871081
0.809930
1.221678
1.240086
1.416964
0.946925
0.859513
1.237120
0.766698
1.114435
0.877090
1.200051
0.829872
0.336939
0.991419
0.920556
1.318539
0.956567
0.765276
0.779296
1.173854
1.284147
1.035464
1.360632
1.265514
1.010759
0.945406
1.935006
1.032187
1.133057
1.092147
1.139082
1.107977
0.768262
1.559846
1.688919
0.930433
1.522379
0.940899
1.320232
0.896097
1.248889
1.155866
1.142645
1.215136
1.235021
1.001245
0.836722
1.237882
0.889923
0.838861
1.068682
1.277068
1.252470
2.118025
1.038919
1.081059
1.473760
0.302914
1.022670
1.050344
0.546793
1.356685
0.806130
1.959093
0.864362
1.189919
1.162743
1.003467
0.709040
0.880274
1.175185
0.774724
1.379821
0.827477
1.432131
1.174866
0.739846
1.008780
0.852141
1.195091
1.513250
1.027225
1.181287
1.148083
1.132204
1.151916
1.190653
1.245919
1.008849
1.405762
1.016388
1.257607
1.268524
1.137228
1.123408
1.234438
1.119663
1.184261
0.984410
1.432840
0.718720
1.072082
0.990015
1.334532
1.334927
1.320831
1.322477
1.182793
1.002586
1.004969
1.255417
1.016037
1.324064
1.263687
1.256546
1.221362
0.976236
1.320511
0.839481
1.123206
1.061403
1.064067
1.379452
0.838915
2.036919
1.229536
1.054858
1.138833
1.184969
1.023356
1.069152
1.175963
1.188307
1.113872
0.919460
1.306242
1.334621
1.302446
1.255842
1.221660
1.954845
1.887928
1.126274
1.164642
1.291180
1.433932
1.355542
0.873113
1.234748
1.270513
0.871485
1.580009
1.241899
0.669668
0.881659
1.116475
1.085284
1.301691
1.076145
1.297401
1.404625
0.977251
1.379339
1.348514
1.368863
0.881978
0.857968
1.145619
1.289541
0.837668
1.004758
1.137807
0.966116
1.156432
0.773940
1.249602
1.479308
0.940989
1.306583
1.118717
1.019034
1.299896
0.833307
1.487302
1.205942
2.184331
1.660867
1.229307
1.077651
1.202991
1.409798
1.125665
1.306229
1.157251
1.068783
1.049618
0.845949
2.269657
1.101287
1.254658
1.311389
1.121254
0.688446
0.627698
1.116746
0.919162
1.253467
