# [u-bp]
2.676300
2.713400
2.816300
3.015100
2.260800
2.939600
2.396300
2.604100
2.869400
2.482800
2.093000
2.771600
2.696800
2.784200
2.538900
2.883200
2.811700
2.647500
2.621200
2.888200
2.432000
2.460800
2.457800
2.845400
2.628900
3.048200
2.906800
2.684700
2.810300
2.567000
2.520100
2.782700
4.647100
3.176200
3.904500
2.661100
2.529800
2.795700
4.653200
2.641100
2.661000
2.318600
2.841000
2.691700
2.961200
3.217300
2.721400
2.263300
2.737600
3.119900
2.346200
2.703700
3.112700
2.468200
2.873600
2.345400
2.714900
2.291800
2.852700
2.352000
2.833700
2.716000
3.162900
2.991700
3.070200
2.765800
3.035600
3.024500
2.316700
2.443000
2.804400
2.827100
3.024600
2.698100
2.898600
2.325100
2.973300
2.317600
3.310000
2.499900
2.535200
3.111400
2.889500
2.384200
2.505600
2.795300
2.741600
2.897200
2.508100
2.692700
2.726500
2.720600
2.415600
2.706700
2.425000
2.759900
2.673000
2.800500
2.947100
2.573600
2.779000
2.989800
2.664800
4.257500
2.890200
2.227000
5.609300
2.395200
3.136400
3.091000
2.349400
4.018500
2.829900
2.758100
2.840700
2.512800
2.943300
2.389700
2.451600
2.879700
3.019900
2.395600
2.345000
2.757000
2.770800
2.621700
2.768200
2.924100
2.253700
2.795100
2.740800
2.810400
2.396200
2.292200
3.169500
2.989200
4.572400
3.011300
2.335700
2.527600
2.751800
2.876700
4.092700
2.959000
3.866600
3.014700
2.807500
2.912300
3.612700
2.268300
2.384000
2.749100
2.696500
2.549500
2.391000
2.432800
2.668100
2.900900
2.664000
2.686800
2.601900
2.571600
2.778600
4.716600
2.815200
2.807500
2.712500
2.311000
3.039900
2.481000
2.858900
3.057900
2.628600
2.916700
2.924300
2.689300
2.783300
3.299100
2.216700
2.780200
2.624100
2.733100
2.783500
2.647600
2.984000
3.009000
2.373900
2.522600
2.644200
2.631300
2.269700
2.822600
2.437100
2.721200
4.149600
2.729200
2.869900
2.402800
3.725300
2.571000
3.856800
2.557600
3.024600
2.737700
2.333900
2.456900
2.889500
2.657000
3.203300
2.792600
3.550500
2.434800
2.903500
3.158200
2.803800
2.730500
2.765800
2.894400
2.510300
2.223100
2.596100
2.784600
2.812400
2.319600
2.658000
2.281700
2.851100
3.041000
3.561800
2.754000
2.595500
2.717500
2.747600
2.308700
2.886700
2.790000
2.102300
2.825700
2.874100
2.780600
2.705900
2.863200
2.924600
2.530300
2.755500
3.066700
2.878600
3.032500
2.629400
2.792600
2.733700
2.904500
3.065000
2.639100
2.689000
2.797700
2.698400
2.789500
3.104200
2.902300
2.289600
2.683000
3.004300
2.903800
2.744000
2.793900
2.800400
4.305700
2.721800
2.819600
4.088100
2.781100
2.906200
2.744600
3.076300
2.825000
4.615200
2.772400
2.905800
2.547700
2.942600
2.753700
2.700000
3.028400
2.928600
3.007300
2.897400
2.361700
2.766900
2.789600
3.302500
2.795200
2.973900
2.858200
2.831400
2.744900
2.802000
2.007000
2.756800
2.558100
2.740000
2.422500
2.240800
2.643700
2.925500
2.544100
4.601800
2.824300
1.890700
2.872000
2.805000
2.771600
2.328100
3.088900
2.535200
2.832900
2.704600
3.000600
3.041800
2.477700
2.740300
2.907000
2.828800
2.816700
2.900200
2.966400
2.630800
3.013900
2.500100
2.655600
2.782100
2.856500
2.937700
2.815300
3.008800
2.723300
2.769500
2.965600
2.757500
2.749500
2.439200
2.806900
2.670200
2.885300
3.995300
2.458200
2.884900
2.717300
2.833200
3.228700
2.705900
2.617700
3.932400
2.680300
2.818900
2.864500
2.514000
3.332500
3.162600
2.314200
2.722600
2.622800
3.439100
3.109900
3.082900
2.316100
2.607900
2.990600
2.265100
2.328800
2.553800
5.013000
4.938700
2.789200
4.717300
2.633200
2.959200
2.779600
2.435700
2.686400
3.711300
2.249000
2.289100
2.279600
2.627100
2.734800
2.669600
2.971200
2.837900
2.687300
2.772900
2.725100
2.833500
2.746100
3.060000
2.782300
2.778300
3.319300
2.043500
3.096200
2.429500
2.248700
2.630300
2.667900
2.652800
2.403600
2.616400
3.044500
2.647500
2.441500
2.830700
2.542900
2.415900
2.427500
2.524000
2.888300
2.827000
3.140900
2.671100
2.982400
3.271700
2.920600
3.011100
2.426500
2.757300
2.670700
2.749100
2.453500
2.643800
2.811400
2.722000
3.031400
2.601000
2.530200
3.041100
2.385200
2.803700
2.697100
3.171500
2.433100
2.261500
2.830700
2.480700
2.825900
2.820000
2.205000
2.310100
2.859900
2.832300
2.723100
2.980600
2.799700
2.657900
2.516200
4.759700
2.449200
2.929800
2.919100
2.779600
2.915800
2.563000
3.556600
4.679900
2.467600
3.065300
2.648400
2.757300
2.402100
2.860700
2.836200
2.820500
2.811500
2.910000
2.720400
2.448200
2.949000
2.683400
2.562500
2.766800
2.808700
3.090300
0.756600
2.707400
2.841400
3.176800
2.222400
2.858400
2.953200
2.397200
3.397600
2.633100
4.598000
2.390000
3.130900
2.904800
2.594500
2.282500
2.706600
2.721000
2.339000
2.837400
2.665900
2.964200
2.683900
2.300200
2.454100
2.491600
2.733300
3.008700
2.618300
2.777300
2.681200
3.011300
3.095700
3.203600
3.123700
2.618400
3.016900
2.821500
3.131300
2.991400
2.747300
3.409100
2.766900
2.682500
2.772100
2.784600
3.010900
2.529900
2.775400
2.767300
3.243000
2.823300
3.606100
2.814800
2.860500
2.701100
2.640100
2.749900
2.904200
2.918700
2.808000
2.841200
3.286400
2.565800
2.898600
2.681000
2.754000
2.622800
2.847700
3.659000
2.511000
5.007400
2.828800
2.613200
2.783300
2.970500
2.657400
2.915900
2.898500
2.692100
2.930200
2.610200
2.905600
2.892400
2.775000
2.882900
2.883800
4.563100
4.199600
2.944000
2.816500
2.889400
3.210200
3.071300
2.356400
2.925500
3.060700
2.440100
3.111400
3.036000
2.273700
2.435200
2.751400
2.891800
2.852900
2.945600
2.861900
3.014700
2.718100
2.985300
3.653600
3.058300
2.697600
2.432700
2.868400
3.145100
2.689300
2.721300
2.604800
2.383300
2.843900
2.326700
2.763200
3.192800
2.556700
2.758200
2.673800
2.482000
3.011800
2.423000
3.085400
2.778400
4.513000
2.853500
2.917700
3.054700
2.817300
3.916300
2.940500
2.862300
2.758500
2.656100
2.727900
2.650100
1.747200
2.946700
2.918500
2.908700
2.588500
2.521200
2.320800
2.915000
2.505100
3.077800
