# uv_matched
1.000000	331.293510	-80.361720	18.364000	5309184794605855744.000000	2.676300
2.000000	327.032680	-70.884280	19.088000	5309184794605856768.000000	2.713400
3.000000	320.238270	-13.053330	20.435000	5309184794605863936.000000	2.816300
4.000000	316.362520	-89.401330	20.318000	5309184691532492800.000000	3.015100
5.000000	314.195320	-16.856500	16.459000	5309187749543362560.000000	2.260800
6.000000	294.164360	65.552580	20.346000	5309187852622625792.000000	2.939600
7.000000	289.615950	6.377300	18.068000	5309187749543362560.000000	2.396300
8.000000	283.390980	-181.963310	20.348000	5309183179698132992.000000	2.604100
9.000000	278.065410	-200.817340	20.587000	5309183110978775040.000000	2.869400
10.000000	271.278190	-97.196510	18.348000	5309187612104392704.000000	2.482800
11.000000	271.766220	43.454960	16.444000	5309187818262886400.000000	2.093000
12.000000	266.556810	-36.707840	20.308000	5309187646464138240.000000	2.771600
13.000000	263.767150	-3.582800	20.318000	5309187813947817984.000000	2.696800
14.000000	256.901940	-105.595070	19.659000	5309187612104389632.000000	2.784200
15.000000	245.180830	-205.799590	19.103000	5309183145338387456.000000	2.538900
16.000000	244.322800	-9.057710	20.503000	5309187715183616000.000000	2.883200
17.000000	239.830820	-138.578700	20.183000	5309186134635632640.000000	2.811700
18.000000	236.964680	-164.350180	19.056000	5309186130320542720.000000	2.647500
19.000000	233.338810	-285.556830	18.125000	5309182973545556992.000000	2.621200
20.000000	225.326290	15.596220	18.793000	5309187715183617024.000000	2.888200
21.000000	221.878550	-244.607170	15.713000	5309183145338379264.000000	2.432000
22.000000	221.334480	13.622190	18.531000	5309187715183616000.000000	2.460800
23.000000	211.969020	-42.200300	16.783000	5309187680823869440.000000	2.457800
24.000000	207.249480	-113.653790	18.279000	5309186134635631616.000000	2.845400
25.000000	207.615350	28.113930	20.171000	5309187921342046208.000000	2.628900
26.000000	196.749390	-160.691640	20.123000	5309186100275886080.000000	3.048200
27.000000	192.168840	113.058730	19.260000	5309188093140615168.000000	2.906800
28.000000	188.961960	-101.101460	17.758000	5309186203355107328.000000	2.684700
29.000000	188.506600	-127.668930	20.177000	5309186203355104256.000000	2.810300
30.000000	183.304140	-294.522810	18.999000	5309183007899416576.000000	2.567000
31.000000	181.015180	-202.287770	17.574000	5309185997196664832.000000	2.520100
32.000000	180.043200	-256.718720	19.509000	5309185997196658688.000000	2.782700
33.000000	179.984830	-113.078370	20.361000	5309186203355104256.000000	4.647100
34.000000	181.886580	167.287690	20.471000	5309188127500492800.000000	3.176200
35.000000	177.602950	-165.383600	19.002000	5309186100275884032.000000	3.904500
36.000000	175.447910	-133.736990	19.136000	5309186168995363840.000000	2.661100
37.000000	173.624810	-268.843130	16.714000	5309185962836917248.000000	2.529800
38.000000	176.763410	122.689760	20.710000	5309188093140614144.000000	2.795700
39.000000	170.627430	39.068800	19.085000	5309187921341915136.000000	4.653200
40.000000	169.901920	-4.886420	18.884000	5309187886982298624.000000	2.641100
41.000000	168.395590	-30.732740	18.245000	5309187886982295552.000000	2.661000
42.000000	167.648370	74.208210	15.901000	5309187990061394944.000000	2.318600
43.000000	166.271760	89.365760	19.680000	5309187985746579456.000000	2.841000
44.000000	162.247440	58.554160	19.276000	5309187990067276800.000000	2.691700
45.000000	162.425510	144.666060	20.461000	5309188093140615168.000000	2.961200
46.000000	160.278960	14.456240	20.230000	5309187886982300672.000000	3.217300
47.000000	157.802220	-172.021320	18.215000	5309186061601059840.000000	2.721400
48.000000	158.527910	114.502210	16.387000	5309188093140613120.000000	2.263300
49.000000	154.833490	-189.082230	19.296000	5309186065916139520.000000	2.737600
50.000000	154.848770	89.882040	20.040000	5309187990061394944.000000	3.119900
51.000000	143.932210	-150.479240	16.803000	5309186168995358720.000000	2.346200
52.000000	140.115300	-353.300060	20.350000	5309182625627138048.000000	2.703700
53.000000	143.209390	63.001630	20.708000	5309187990061391872.000000	3.112700
54.000000	142.332520	-15.225590	18.608000	5309186409513545728.000000	2.468200
55.000000	138.576390	-310.242480	20.033000	5309185584879918080.000000	2.873600
56.000000	134.668910	-299.726860	14.913000	5309185584879785984.000000	2.345400
57.000000	132.656950	-75.516710	20.144000	5309186375153796096.000000	2.714900
58.000000	131.254670	-206.843610	15.290000	5309186065916135424.000000	2.291800
59.000000	130.341480	-118.426700	18.912000	5309186370838752256.000000	2.852700
60.000000	129.472690	22.514150	15.061000	5309187955701646336.000000	2.352000
61.000000	124.356050	37.098510	19.300000	5309187955701647360.000000	2.833700
62.000000	118.145280	-288.516790	19.061000	5309185584879785984.000000	2.716000
63.000000	119.691120	89.734350	19.278000	5309188745975635968.000000	3.162900
64.000000	115.380140	-269.074580	20.406000	5309185653605145600.000000	2.991700
65.000000	116.280630	211.453170	20.485000	5309188917774338048.000000	3.070200
66.000000	108.638770	164.622860	18.909000	5309188814695118848.000000	2.765800
67.000000	96.745300	-224.961220	19.624000	5309186031562269696.000000	3.035600
68.000000	98.905770	205.885660	20.245000	5309188917755188224.000000	3.024500
69.000000	95.977920	56.307450	15.009000	5309188711615891456.000000	2.316700
70.000000	95.028830	-41.719970	15.537000	5309186443873146880.000000	2.443000
71.000000	93.716050	85.144900	20.092000	5309188711615893504.000000	2.804400
72.000000	90.226400	215.647160	19.723000	5309188917774337024.000000	2.827100
73.000000	85.991800	-237.518640	20.249000	5309185653599265792.000000	3.024600
74.000000	88.588480	55.232020	18.374000	5309188711615889408.000000	2.698100
75.000000	86.687600	126.405170	18.134000	5309188814695112704.000000	2.898600
76.000000	83.899460	-136.681340	16.281000	5309186272074568704.000000	2.325100
77.000000	82.004020	-17.808240	20.433000	5309186443873148928.000000	2.973300
78.000000	78.688010	96.169580	17.638000	5309188711615893504.000000	2.317600
79.000000	78.781080	232.681650	20.443000	5309189123932767232.000000	3.310000
80.000000	75.230430	-18.524670	17.845000	5309186443873147904.000000	2.499900
81.000000	74.165970	-37.532140	17.130000	5309186443873144832.000000	2.535200
82.000000	66.515280	-67.480540	20.538000	5309186340793923584.000000	3.111400
83.000000	59.396930	-356.629920	20.251000	5309185511845159936.000000	2.889500
84.000000	59.948810	-188.365820	16.814000	5309186233399737344.000000	2.384200
86.000000	60.463640	94.126070	17.138000	5309188780335368192.000000	2.505600
87.000000	58.456730	-15.889150	19.147000	5309187195472514048.000000	2.795300
88.000000	57.914700	-53.292950	18.470000	5309186443873139712.000000	2.741600
89.000000	59.550050	133.078450	19.639000	5309188780335373312.000000	2.897200
91.000000	53.566390	-60.707320	16.903000	5309186340793922560.000000	2.508100
92.000000	54.538740	118.104360	20.229000	5309188780335370240.000000	2.692700
93.000000	48.775600	-67.977680	20.088000	5309186340793920512.000000	2.726500
94.000000	46.121520	12.159170	17.969000	5309187199787393024.000000	2.720600
95.000000	46.584350	210.555110	17.494000	5309189020853548032.000000	2.415600
96.000000	43.964990	-0.944180	19.876000	5309187199787389952.000000	2.706700
97.000000	43.255530	26.812030	16.813000	5309187199787394048.000000	2.425000
98.000000	40.687680	-24.343250	19.165000	5309187199787385856.000000	2.759900
99.000000	40.211390	9.064880	17.714000	5309187199787390976.000000	2.673000
100.000000	41.010930	231.004770	20.026000	5309189020853549056.000000	2.800500
102.000000	30.775330	-309.353120	19.983000	5309185722318726144.000000	2.947100
103.000000	31.601410	111.306960	17.312000	5309187302866617344.000000	2.573600
104.000000	29.422490	-121.540620	19.208000	5309186306434302976.000000	2.779000
105.000000	28.744670	191.335590	19.720000	5309189020853544960.000000	2.989800
106.000000	26.330660	-77.512030	18.338000	5309187096714065920.000000	2.664800
107.000000	23.109300	-176.727540	20.434000	5309185928477172736.000000	4.257500
108.000000	19.237770	-123.950960	20.637000	5309186302122014720.000000	2.890200
109.000000	16.051980	-337.214870	15.835000	5309185722324615168.000000	2.227000
110.000000	16.617860	-171.758670	20.002000	5309185924165279744.000000	5.609300
111.000000	17.756680	10.257240	15.567000	5309187268506863616.000000	2.395200
112.000000	14.268120	-276.266550	20.218000	5309185825378439168.000000	3.136400
113.000000	12.718180	-173.378290	18.641000	5309185928477171712.000000	3.091000
114.000000	13.165160	114.981730	16.259000	5309187509025045504.000000	2.349400
115.000000	8.083260	-130.501940	17.468000	5309187062348419072.000000	4.018500
116.000000	5.803720	-192.637870	20.579000	5309185928477167616.000000	2.829900
117.000000	5.430070	-35.713800	18.831000	5309187096708163584.000000	2.758100
118.000000	7.468640	228.058200	20.196000	5309189089573023744.000000	2.840700
119.000000	5.861660	210.094250	17.914000	5309189055213283328.000000	2.512800
120.000000	2.031280	-184.753770	20.221000	5309185928477168640.000000	2.943300
121.000000	1.971150	49.822280	16.391000	5309187268506868736.000000	2.389700
122.000000	-2.859680	-124.885750	16.362000	5309186684397202432.000000	2.451600
123.000000	-7.666600	-134.857920	20.430000	5309186684391294976.000000	2.879700
124.000000	-10.646900	-30.098080	20.218000	5309187165427640320.000000	3.019900
125.000000	-17.321970	38.013290	16.459000	5309187268506863616.000000	2.395600
126.000000	-18.307510	156.813210	16.986000	5309187577744524288.000000	2.345000
127.000000	-22.246560	-60.879360	19.987000	5309187126753016832.000000	2.757000
128.000000	-27.664130	-80.608270	18.895000	5309187131068022784.000000	2.770800
129.000000	-33.099990	-201.497450	18.559000	5309186650031668224.000000	2.621700
130.000000	-34.398330	-328.505960	19.718000	5309185687958977536.000000	2.768200
131.000000	-47.244900	-55.809190	19.946000	5309187131067896832.000000	2.924100
132.000000	-48.827270	73.934320	16.429000	5309187474665294848.000000	2.253700
133.000000	-49.051750	178.910290	19.960000	5309187577744523264.000000	2.795100
134.000000	-50.596740	61.981730	19.922000	5309187371586077696.000000	2.740800
135.000000	-53.624950	28.932660	19.659000	5309187371586072576.000000	2.810400
136.000000	-54.626320	169.944350	17.320000	5309187577744522240.000000	2.396200
137.000000	-57.840840	-148.476960	15.894000	5309186650031552512.000000	2.292200
138.000000	-60.168750	-178.645900	19.906000	5309186650031549440.000000	3.169500
139.000000	-63.973990	44.372590	20.334000	5309187371586073600.000000	2.989200
140.000000	-63.798250	226.100780	17.800000	5309199328776262656.000000	4.572400
141.000000	-70.201790	-267.930410	20.441000	5309186512592701440.000000	3.011300
142.000000	-71.243290	-204.390810	17.484000	5309186546952332288.000000	2.335700
143.000000	-70.252270	63.197770	16.394000	5309187435993764864.000000	2.527600
144.000000	-72.719440	-115.975450	19.699000	5309186718751030272.000000	2.751800
145.000000	-76.657770	-43.329400	20.257000	5309186954954322944.000000	2.876700
146.000000	-78.713570	134.689590	15.367000	5309187543384777728.000000	4.092700
147.000000	-79.748350	55.237000	20.324000	5309187435990762496.000000	2.959000
148.000000	-80.597640	64.236550	17.677000	5309187440305551360.000000	3.866600
149.000000	-82.443760	81.227550	20.463000	5309187440305553408.000000	3.014700
150.000000	-85.079970	-109.249990	20.227000	5309186714436120576.000000	2.807500
151.000000	-83.890210	175.438800	20.392000	5309199290102942720.000000	2.912300
152.000000	-87.249460	-41.427220	20.331000	5309186959269203968.000000	3.612700
153.000000	-88.876240	-179.092260	16.506000	5309186615671810048.000000	2.268300
154.000000	-92.527040	-273.846630	17.659000	5309186512592698368.000000	2.384000
155.000000	-91.563660	-161.885870	20.546000	5309186611356869632.000000	2.749100
156.000000	-88.794300	179.575970	18.398000	5309199294416520192.000000	2.696500
157.000000	-92.797220	127.121500	19.438000	5309199294416515072.000000	2.549500
158.000000	-97.417230	-333.213900	18.781000	5308810445257922560.000000	2.391000
159.000000	-99.401010	-200.122940	18.076000	5309186615671808000.000000	2.432800
160.000000	-98.258660	177.878050	18.383000	5309199290100553728.000000	2.668100
161.000000	-111.150780	126.460970	20.581000	5309199191337298944.000000	2.900900
162.000000	-114.956680	-169.426090	19.417000	5309186611356866560.000000	2.664000
163.000000	-116.128140	-235.019100	20.548000	5309186581312065536.000000	2.686800
164.000000	-117.101080	-203.447810	17.856000	5309186581312067584.000000	2.601900
165.000000	-117.832270	-264.828490	18.084000	5309186512592586752.000000	2.571600
166.000000	-114.102530	175.022800	20.206000	5309199294416517120.000000	2.778600
167.000000	-118.532100	-258.961040	19.530000	5309186512592697344.000000	4.716600
168.000000	-118.994170	215.555040	20.190000	5309199363135996928.000000	2.815200
169.000000	-122.337000	-63.339880	19.563000	5309186924909461504.000000	2.807500
170.000000	-125.256320	-3.114270	18.338000	5309187027988680704.000000	2.712500
171.000000	-126.454200	-108.523350	14.410000	5309186924888713216.000000	2.311000
172.000000	-125.196580	101.825850	20.401000	5309199191337297920.000000	3.039900
173.000000	-131.426160	-209.507770	18.288000	5309186581312065536.000000	2.481000
174.000000	-128.784370	123.818820	20.677000	5309199187021291520.000000	2.858900
175.000000	-144.942220	-114.480180	20.370000	5309186821809484800.000000	3.057900
176.000000	-145.220440	41.471670	18.762000	5309198779020431360.000000	2.628600
177.000000	-146.489790	1.330400	19.553000	5309187027988679680.000000	2.916700
178.000000	-159.941280	-108.519510	19.548000	5309186890549716992.000000	2.924300
179.000000	-161.841040	-242.693790	18.968000	5308811269891387392.000000	2.689300
180.000000	-168.748500	-59.137170	19.822000	5309186989314055168.000000	2.783300
181.000000	-171.787190	143.575590	20.551000	5309199260056774656.000000	3.299100
182.000000	-176.703400	31.861720	15.312000	5309198779020429312.000000	2.216700
183.000000	-176.871640	120.457630	19.396000	5309199225697033216.000000	2.780200
184.000000	-191.619390	-88.576840	20.236000	5309186890549716992.000000	2.624100
185.000000	-203.462610	74.631710	19.763000	5309198847739907072.000000	2.733100
186.000000	-205.748470	-89.675670	19.709000	5309186890549715968.000000	2.783500
187.000000	-218.625660	-110.178030	19.062000	5309186856189973504.000000	2.647600
188.000000	-230.117550	-42.299190	20.626000	5309198641581467648.000000	2.984000
189.000000	-245.688630	-182.184360	19.205000	5308811544769292288.000000	3.009000
190.000000	-246.181010	1.307250	17.632000	5309198710300945408.000000	2.373900
192.000000	-248.636960	-145.757150	19.553000	5308823295799818240.000000	2.522600
193.000000	-249.212140	34.602290	17.868000	5309198813380162560.000000	2.644200
194.000000	-254.986590	-57.171660	18.291000	5309198675941202944.000000	2.631300
195.000000	-259.229100	-19.342890	16.267000	5309198710300944384.000000	2.269700
196.000000	-263.656880	50.489520	20.528000	5309199019538593792.000000	2.822600
197.000000	-267.928530	7.569810	15.881000	5309198705988768768.000000	2.437100
198.000000	-271.270720	69.915930	18.806000	5309199019538641920.000000	2.721200
199.000000	-278.076260	-175.221280	16.538000	5308823261440072704.000000	4.149600
200.000000	-282.536630	-190.673720	18.870000	5308823261440070656.000000	2.729200
201.000000	-289.176840	-179.166420	20.590000	5308823257125991424.000000	2.869900
202.000000	-295.317160	-69.306100	17.911000	5308823364519299072.000000	2.402800
203.000000	331.662070	-56.890450	18.071000	5309184794605859840.000000	3.725300
204.000000	326.662890	-27.827310	19.517000	5309184794605862912.000000	2.571000
205.000000	324.279320	-153.642590	20.552000	5309184622807153664.000000	3.856800
206.000000	323.228440	3.572280	18.316000	5309187783903104000.000000	2.557600
207.000000	321.158630	-95.207600	20.722000	5309184687211575296.000000	3.024600
208.000000	317.173960	-5.306760	18.218000	5309187783903102976.000000	2.737700
209.000000	316.706920	13.270300	17.359000	5309187783903105024.000000	2.333900
210.000000	311.633410	-71.535310	18.170000	5309184691526639616.000000	2.456900
211.000000	309.248370	-173.950720	19.675000	5309184588447411200.000000	2.889500
212.000000	305.126160	67.762600	18.527000	5309187783903112192.000000	2.657000
213.000000	302.415070	-19.856170	20.292000	5309187749543360512.000000	3.203300
214.000000	297.852050	9.169100	20.339000	5309187745228355584.000000	2.792600
215.000000	292.646700	-94.608910	17.605000	5309184691526633472.000000	3.550500
216.000000	285.114970	-228.298780	18.212000	5309183110978774016.000000	2.434800
217.000000	286.310480	-44.520460	19.506000	5309187646469992448.000000	2.903500
218.000000	283.414440	-202.879430	20.459000	5309183106663544832.000000	3.158200
219.000000	280.260120	-75.865060	20.633000	5309187646464134144.000000	2.803800
220.000000	277.732370	118.756200	19.575000	5309188230560471040.000000	2.730500
221.000000	276.167100	48.954900	20.488000	5309187852622624768.000000	2.765800
222.000000	270.388010	-53.094780	18.272000	5309187646469991424.000000	2.894400
223.000000	267.280120	-186.325550	18.013000	5309183179698129920.000000	2.510300
224.000000	265.639940	-101.362370	15.997000	5309187612110247936.000000	2.223100
225.000000	260.662810	-41.125440	18.174000	5309187646464136192.000000	2.596100
227.000000	259.341640	-48.683150	19.231000	5309187646464135168.000000	2.784600
228.000000	254.007290	-257.294570	20.179000	5309183072303775744.000000	2.812400
229.000000	255.150520	115.952460	16.771000	5309188058781019136.000000	2.319600
230.000000	251.436180	-207.934030	20.465000	5309183179698125824.000000	2.658000
231.000000	251.243430	-147.237530	16.054000	5309183179698134016.000000	2.281700
232.000000	251.499320	104.870620	20.546000	5309188058781017088.000000	2.851100
233.000000	246.462250	-259.225890	19.501000	5309183076618903552.000000	3.041000
234.000000	246.647010	-83.797700	17.102000	5309187612104390656.000000	3.561800
235.000000	243.033630	-243.128190	19.927000	5309183145338382336.000000	2.754000
236.000000	242.559450	-55.314930	17.962000	5309187642149094400.000000	2.595500
237.000000	237.002580	-259.786530	19.472000	5309183145338379264.000000	2.717500
238.000000	231.528980	150.335000	19.605000	5309188058780882944.000000	2.747600
239.000000	224.864140	-192.807500	16.136000	5309183145338386432.000000	2.308700
240.000000	224.819330	-110.691240	20.578000	5309186134635635712.000000	2.886700
241.000000	225.491440	69.056070	20.390000	5309188024421269504.000000	2.790000
242.000000	225.302930	56.060330	13.449000	5309188024401978368.000000	2.102300
243.000000	222.000950	-233.159310	19.880000	5309183141023265792.000000	2.825700
244.000000	221.103830	-298.138200	19.703000	5309183042259158016.000000	2.874100
245.000000	220.888760	-59.349270	20.253000	5309187680823868416.000000	2.780600
246.000000	218.342600	-184.661770	18.880000	5309186100276011008.000000	2.705900
247.000000	219.231230	176.777610	20.645000	5309188505457483776.000000	2.863200
248.000000	214.305720	27.744470	18.404000	5309187921342048256.000000	2.924600
249.000000	210.862020	-287.683290	17.605000	5309183042259158016.000000	2.530300
250.000000	208.566370	-302.620110	18.900000	5309183007899417600.000000	2.755500
251.000000	210.025700	-28.913530	19.817000	5309187680823931904.000000	3.066700
252.000000	210.545530	115.337970	19.789000	5309188024421140480.000000	2.878600
253.000000	205.725610	-285.660090	19.914000	5309183037946868736.000000	3.032500
254.000000	197.611900	-66.552630	19.147000	5309187680823865344.000000	2.629400
255.000000	195.457480	-229.558090	16.984000	5309185997196662784.000000	2.792600
256.000000	192.448360	-79.505890	19.111000	5309186199040076800.000000	2.733700
257.000000	194.378940	139.839910	20.171000	5309188123185566720.000000	2.904500
258.000000	188.191920	-159.816580	20.517000	5309186100275886080.000000	3.065000
259.000000	184.871180	-304.640790	18.854000	5309183007879967744.000000	2.639100
260.000000	186.809580	-85.330730	18.514000	5309186203355110400.000000	2.689000
261.000000	184.322560	-339.524230	19.774000	5309183007899409408.000000	2.797700
262.000000	186.350520	-30.718080	18.993000	5309187886982297600.000000	2.698400
263.000000	186.503820	24.433790	18.791000	5309187921322725376.000000	2.789500
264.000000	181.809870	-120.892600	20.350000	5309186203355104256.000000	3.104200
265.000000	177.508500	163.188940	20.723000	5309188127500356608.000000	2.902300
266.000000	169.864030	-204.758640	16.483000	5309185997196662784.000000	2.289600
267.000000	167.103690	96.888840	19.117000	5309187990061528064.000000	2.683000
268.000000	161.274850	-235.385160	20.423000	5309185997196658688.000000	3.004300
269.000000	158.870390	-316.742790	20.085000	5309182629942287360.000000	2.903800
270.000000	160.935960	173.755720	19.359000	5309188849054995456.000000	2.744000
271.000000	155.475410	-321.167210	20.056000	5309182629942286336.000000	2.793900
272.000000	158.416970	209.074470	18.629000	5309188883414603776.000000	2.800400
274.000000	148.530340	-359.464250	19.870000	5309182629942280192.000000	4.305700
275.000000	150.253860	-69.593400	18.194000	5309186409513537536.000000	2.721800
276.000000	149.010570	-194.980300	18.924000	5309186065916138496.000000	2.819600
277.000000	151.302660	70.337660	17.341000	5309187990061392896.000000	4.088100
278.000000	149.347940	-110.632530	18.852000	5309186168995363840.000000	2.781100
279.000000	148.373040	160.484690	20.415000	5309188844740083712.000000	2.906200
280.000000	143.081060	-4.786300	18.901000	5309187886962954240.000000	2.744600
281.000000	140.349180	-82.363760	20.537000	5309186375153796096.000000	3.076300
282.000000	138.967620	-93.774470	20.491000	5309186370838753280.000000	2.825000
283.000000	139.053010	-47.406520	20.136000	5309186409513538560.000000	4.615200
284.000000	134.520350	-231.002570	20.280000	5309186031556393984.000000	2.772400
285.000000	134.928290	-106.154770	19.271000	5309186375153871872.000000	2.905800
286.000000	133.538310	-33.433470	18.827000	5309186409513541632.000000	2.547700
287.000000	130.277990	-166.954700	19.844000	5309186065916139520.000000	2.942600
288.000000	130.172420	-94.702540	19.735000	5309186375153794048.000000	2.753700
289.000000	121.910140	-320.667920	18.279000	5309185584879781888.000000	2.700000
290.000000	125.151990	54.917850	19.147000	5309187955701777408.000000	3.028400
291.000000	125.476750	139.949640	19.321000	5309188745975642112.000000	2.928600
292.000000	122.574510	-101.608100	19.539000	5309186375153792000.000000	3.007300
293.000000	117.934810	192.047840	19.192000	5309188917774336000.000000	2.897400
294.000000	117.038270	180.456530	18.016000	5309188917774334976.000000	2.361700
295.000000	113.984390	-83.277270	20.032000	5309186375153794048.000000	2.766900
296.000000	115.057480	77.641980	20.413000	5309188711615895552.000000	2.789600
297.000000	109.345510	-368.826310	14.668000	5309185550520035328.000000	3.302500
298.000000	112.576030	90.891880	20.543000	5309188711615896576.000000	2.795200
299.000000	105.667410	-360.687620	19.874000	5309185546207767552.000000	2.973900
300.000000	103.479310	96.910460	20.574000	5309188711615896576.000000	2.858200
301.000000	102.831730	137.806940	19.969000	5309188741660849152.000000	2.831400
303.000000	100.686140	25.740340	19.170000	5309186478238784512.000000	2.744900
304.000000	97.143390	-325.329700	20.538000	5309185546208957440.000000	2.802000
305.000000	94.520600	-310.639970	13.519000	5309185619239518208.000000	2.007000
306.000000	94.047140	-326.731710	20.477000	5309185550520039424.000000	2.756800
307.000000	93.132920	-273.415000	18.435000	5309185653599261696.000000	2.558100
308.000000	92.466240	-23.574360	18.910000	5309186478233012224.000000	2.740000
309.000000	88.043030	-296.091960	16.769000	5309185653599257600.000000	2.422500
310.000000	87.077350	-362.763580	15.613000	5309185550520033280.000000	2.240800
311.000000	91.953030	205.386100	18.847000	5309188917774336000.000000	2.643700
312.000000	88.565200	-161.632060	20.536000	5309186237714827264.000000	2.925500
313.000000	87.210200	-63.495200	17.281000	5309186443873269760.000000	2.544100
314.000000	84.446470	-101.509630	19.967000	5309186340794049536.000000	4.601800
315.000000	83.357890	26.147020	20.858000	5309187234147137536.000000	2.824300
316.000000	80.829680	112.620440	14.778000	5309188780335372288.000000	1.890700
317.000000	78.768030	7.717510	20.561000	5309187234147134464.000000	2.872000
318.000000	77.192870	104.162360	19.694000	5309188780335371264.000000	2.805000
319.000000	76.461170	77.414730	19.806000	5309188711616019456.000000	2.771600
320.000000	69.741740	-249.498160	16.796000	5309185653599261696.000000	2.328100
321.000000	71.412720	-59.598800	19.617000	5309186443873140736.000000	3.088900
322.000000	69.498120	-139.373930	17.607000	5309186237714828288.000000	2.535200
323.000000	69.429440	-105.749880	18.397000	5309186340794047488.000000	2.832900
324.000000	68.474990	66.186600	18.005000	5309187234147139584.000000	2.704600
325.000000	66.976230	-27.412740	20.667000	5309187199787388928.000000	3.000600
326.000000	64.670410	-284.271940	20.270000	5309185614924401664.000000	3.041800
327.000000	66.761950	-34.756640	17.088000	5309186443873143808.000000	2.477700
328.000000	66.310050	-7.180440	19.056000	5309187199787392000.000000	2.740300
330.000000	62.881830	-280.131160	20.115000	5309185614927245312.000000	2.907000
331.000000	64.252380	164.000520	20.404000	5309188810380357632.000000	2.828800
332.000000	59.814190	-208.705790	19.186000	5309185859757697024.000000	2.816700
333.000000	58.149290	-370.813470	20.529000	5309185516160290816.000000	2.900200
334.000000	57.994950	-334.705300	19.815000	5309185516160295936.000000	2.966400
335.000000	55.109610	-336.684210	19.325000	5309185516160294912.000000	2.630800
336.000000	56.081830	-158.988290	20.181000	5309186306434301952.000000	3.013900
337.000000	54.056800	12.012510	17.418000	5309187199787593728.000000	2.500100
338.000000	53.270440	-3.359210	18.297000	5309187199787515904.000000	2.655600
339.000000	52.521220	26.377060	19.020000	5309187234147133440.000000	2.782100
340.000000	53.305490	213.216870	20.116000	5309189020853549056.000000	2.856500
341.000000	47.938030	-310.977660	20.007000	5309185619239512064.000000	2.937700
342.000000	45.766290	92.619290	19.286000	5309187298551800832.000000	2.815300
343.000000	38.354440	-236.058750	19.815000	5309185859757689856.000000	3.008800
344.000000	37.398710	-182.382450	18.987000	5309185928477174784.000000	2.723300
345.000000	37.140210	-35.430330	19.201000	5309187092393285632.000000	2.769500
346.000000	32.827330	-267.341470	19.464000	5309185825397946368.000000	2.965600
347.000000	34.863980	64.974230	18.378000	5309187302866613248.000000	2.757500
348.000000	30.680480	-258.629000	18.409000	5309185825397947392.000000	2.749500
349.000000	30.518870	-224.860920	17.064000	5309185859757690880.000000	2.439200
350.000000	33.807770	249.006600	19.736000	5309189085258317824.000000	2.806900
351.000000	30.304400	-139.684810	18.063000	5309186306434300928.000000	2.670200
352.000000	32.345880	135.858820	20.730000	5309188986493800448.000000	2.885300
353.000000	27.645660	-378.904700	19.181000	5309185481800547328.000000	3.995300
354.000000	30.498460	-15.412820	16.570000	5309187199787384832.000000	2.458200
355.000000	28.271080	-188.896440	18.451000	5309185928477171712.000000	2.884900
356.000000	30.970750	227.227180	17.001000	5309189020853548032.000000	2.717300
357.000000	28.335370	38.767610	20.766000	5309187264192024576.000000	2.833200
358.000000	27.140170	-33.448170	19.426000	5309187096708167680.000000	3.228700
359.000000	24.771410	-195.087820	18.186000	5309185928477170688.000000	2.705900
360.000000	23.456990	-110.343560	18.039000	5309186306434177024.000000	2.617700
361.000000	21.954970	-143.067340	19.873000	5309186306440176640.000000	3.932400
362.000000	19.355570	-28.586960	18.193000	5309187096708167680.000000	2.680300
363.000000	18.236730	-33.482820	19.371000	5309187096708165632.000000	2.818900
364.000000	14.726700	-325.046700	19.081000	5309185722318721024.000000	2.864500
365.000000	12.788110	151.053780	18.905000	5309188986493799424.000000	2.514000
366.000000	9.990410	12.237960	20.086000	5309187268506863616.000000	3.332500
367.000000	9.523160	-33.986010	20.841000	5309187096708293632.000000	3.162600
368.000000	5.756790	-316.226060	16.988000	5309185722318722048.000000	2.314200
369.000000	6.313360	-102.313850	19.992000	5309187062348420096.000000	2.722600
370.000000	5.555570	-64.909810	19.461000	5309187058033528832.000000	2.622800
371.000000	4.148040	142.198260	18.770000	5309187509025048576.000000	3.439100
372.000000	1.842910	-78.013720	19.947000	5309187062327754752.000000	3.109900
373.000000	-1.781770	-338.726020	20.252000	5309185687958979584.000000	3.082900
374.000000	1.105250	-3.061710	17.063000	5309187165427645440.000000	2.316100
375.000000	-3.155060	-115.993750	19.480000	5309187058033496064.000000	2.607900
376.000000	-7.452870	-192.709950	19.432000	5309185894117428224.000000	2.990600
377.000000	-6.746870	41.182140	14.567000	5309187264195074048.000000	2.265100
378.000000	-8.188730	159.262100	16.703000	5309187509025048576.000000	2.328800
379.000000	-11.816130	-185.078220	19.497000	5309185894117429248.000000	2.553800
380.000000	-9.652390	252.178110	20.389000	5309189089573023744.000000	5.013000
381.000000	-17.860230	-50.186770	16.700000	5309187131047234560.000000	4.938700
382.000000	-20.314750	4.280910	19.579000	5309187165427643392.000000	2.789200
383.000000	-23.292150	-254.163650	19.538000	5309185791038202880.000000	4.717300
384.000000	-22.117600	208.040730	17.430000	5309189055213279232.000000	2.633200
385.000000	-26.959890	-126.076160	19.927000	5309186684391293952.000000	2.959200
386.000000	-24.731260	167.252290	20.522000	5309187573438284800.000000	2.779600
388.000000	-30.080350	-231.196840	17.972000	5309185791038205952.000000	2.435700
389.000000	-27.671970	75.487740	18.321000	5309187474665298944.000000	2.686400
391.000000	-30.778260	-14.296880	18.717000	5309187165427639296.000000	3.711300
392.000000	-33.215360	-251.141530	15.824000	5309185786726328320.000000	2.249000
394.000000	-36.330560	-262.518280	16.002000	5309185791038199808.000000	2.289100
395.000000	-32.457080	234.642880	16.953000	5309200806245014528.000000	2.279600
396.000000	-35.304340	30.054120	18.276000	5309187371586202624.000000	2.627100
397.000000	-38.917970	-276.630960	20.043000	5309185791044091904.000000	2.734800
398.000000	-36.349190	160.373910	19.628000	5309187573429757952.000000	2.669600
399.000000	-45.829450	-268.316910	20.348000	5309185791038197760.000000	2.971200
400.000000	-46.197310	-236.852980	20.667000	5309185786723108864.000000	2.837900
401.000000	-43.712720	56.475900	20.270000	5309187371586077696.000000	2.687300
402.000000	-45.617290	140.643360	19.841000	5309187577744520192.000000	2.772900
404.000000	-51.265280	41.497500	18.900000	5309187371586074624.000000	2.725100
405.000000	-51.248100	114.469520	19.304000	5309187543384777728.000000	2.833500
406.000000	-54.748990	-243.659880	19.934000	5309186546952443904.000000	2.746100
407.000000	-57.910000	-241.753080	20.390000	5309186546952443904.000000	3.060000
408.000000	-58.237310	57.226940	19.758000	5309187367273726976.000000	2.782300
409.000000	-60.175290	-57.937840	19.097000	5309186753110773760.000000	2.778300
410.000000	-64.117490	-308.751750	19.691000	5309185756678453248.000000	3.319300
411.000000	-63.975970	-147.795460	15.336000	5309186714440083456.000000	2.043500
414.000000	-64.225000	137.216520	19.328000	5309187543364214784.000000	3.096200
415.000000	-65.606770	61.147890	16.525000	5309187371586075648.000000	2.429500
416.000000	-67.488080	-120.185000	17.059000	5309186718751030272.000000	2.248700
417.000000	-67.153630	-19.960820	19.531000	5309187337226328064.000000	2.630300
418.000000	-66.941250	23.995290	17.648000	5309187371586070528.000000	2.667900
419.000000	-71.723430	49.301070	20.598000	5309187371586072576.000000	2.652800
420.000000	-75.825170	-104.133000	18.375000	5309186753110769664.000000	2.403600
421.000000	-76.351850	-63.957250	18.084000	5309186959269326848.000000	2.616400
422.000000	-77.482790	-79.617840	20.380000	5309186753110770688.000000	3.044500
423.000000	-79.329050	100.453240	18.271000	5309187440305556480.000000	2.647500
424.000000	-81.225910	-61.439820	17.944000	5309186959269201920.000000	2.441500
425.000000	-79.999300	169.068930	19.844000	5309199294416519168.000000	2.830700
426.000000	-84.349400	-207.781660	18.217000	5309186546952331264.000000	2.542900
427.000000	-82.969580	153.587300	16.003000	5309199294416518144.000000	2.415900
428.000000	-86.010910	42.525520	17.771000	5309187401631023104.000000	2.427500
429.000000	-87.152120	-63.603170	17.744000	5309186959269201920.000000	2.524000
430.000000	-88.500830	-136.864000	20.191000	5309186718730288128.000000	2.888300
431.000000	-87.617660	10.772580	20.129000	5309187337226329088.000000	2.827000
432.000000	-91.760540	-355.494370	19.247000	5308810445257943040.000000	3.140900
433.000000	-90.854840	-148.925430	18.737000	5309186718751143936.000000	2.671100
434.000000	-91.125670	-119.729570	20.215000	5309186718751029248.000000	2.982400
435.000000	-90.228150	104.875060	19.500000	5309187440305555456.000000	3.271700
436.000000	-91.862090	14.730030	20.544000	5309187405945805824.000000	2.920600
437.000000	-93.413020	31.145070	20.525000	5309187405945807872.000000	3.011100
438.000000	-97.011200	-115.809280	16.199000	5309186718751028224.000000	2.426500
439.000000	-96.006460	125.355470	20.381000	5309199294416515072.000000	2.757300
440.000000	-98.921360	157.645600	18.489000	5309199294416517120.000000	2.670700
441.000000	-102.380570	-219.096980	19.440000	5309186581312066560.000000	2.749100
442.000000	-100.472110	107.640520	17.327000	5309187440305554432.000000	2.453500
443.000000	-102.457540	-45.648890	17.785000	5309186959269201920.000000	2.643800
444.000000	-103.066870	195.478840	20.133000	5309199294416520192.000000	2.811400
445.000000	-104.652130	45.429620	20.266000	5309187401631024128.000000	2.722000
446.000000	-107.317830	-122.332350	19.944000	5309186924888716288.000000	3.031400
447.000000	-109.963910	-279.654500	18.165000	5308811201172168704.000000	2.601000
448.000000	-110.959380	-45.690970	18.421000	5309186959269201920.000000	2.530200
449.000000	-112.977400	139.995620	20.004000	5309199191337299968.000000	3.041100
450.000000	-117.108900	-112.979720	15.503000	5309186920597692416.000000	2.385200
451.000000	-119.293130	-71.257420	19.674000	5309186924909461504.000000	2.803700
452.000000	-126.462160	-49.375310	18.641000	5309186924909461504.000000	2.697100
453.000000	-131.023490	-164.147350	19.553000	5309186821809465344.000000	3.171500
454.000000	-132.704380	-99.240770	16.040000	5309186924909457408.000000	2.433100
455.000000	-134.701950	-199.070680	13.647000	5309186581312066560.000000	2.261500
456.000000	-135.556830	-139.635380	17.785000	5309186821830240256.000000	2.830700
457.000000	-139.159750	-345.127130	18.342000	5308811166812421120.000000	2.480700
458.000000	-136.857310	37.051570	20.364000	5309187401630987264.000000	2.825900
459.000000	-141.477020	-277.233120	17.090000	5308811269891385344.000000	2.820000
460.000000	-140.462800	-56.875840	16.700000	5309186993628936192.000000	2.205000
461.000000	-143.371240	50.185470	16.597000	5309199156977554432.000000	2.310100
462.000000	-146.333840	-264.853790	19.703000	5308811265576383488.000000	2.859900
463.000000	-155.021500	-256.510560	19.954000	5308811265576384512.000000	2.832300
464.000000	-156.015780	-232.427550	18.738000	5308811269891645440.000000	2.723100
465.000000	-154.714400	97.766190	20.254000	5309199152661538816.000000	2.980600
466.000000	-155.530980	192.517470	20.575000	5309199260056811520.000000	2.799700
467.000000	-161.281570	-311.849370	19.354000	5308811235531638784.000000	2.657900
468.000000	-161.296010	-259.613230	18.925000	5308811269891644416.000000	2.516200
469.000000	-161.500560	7.290920	20.510000	5309198779025106944.000000	4.759700
470.000000	-165.214680	-297.273640	19.582000	5308811235531640832.000000	2.449200
471.000000	-163.191740	-47.970970	19.809000	5309186993628936192.000000	2.929800
472.000000	-164.783450	151.899490	19.721000	5309199260056774656.000000	2.919100
473.000000	-167.461550	166.548540	19.935000	5309199260056775680.000000	2.779600
474.000000	-169.293640	179.974500	19.407000	5309199260056820736.000000	2.915800
475.000000	-170.596750	118.484920	18.117000	5309199225697034240.000000	2.563000
476.000000	-178.518780	-109.080600	20.473000	5309186890549715968.000000	3.556600
477.000000	-179.861040	-202.538380	18.685000	5308811476049821696.000000	4.679900
478.000000	-181.692020	-290.956830	17.923000	5308811235531639808.000000	2.467600
479.000000	-182.075960	-10.804780	20.876000	5309198740344600576.000000	3.065300
480.000000	-184.438990	40.168370	19.484000	5309198779020429312.000000	2.648400
481.000000	-186.587260	-48.070400	20.665000	5309186993628934144.000000	2.757300
482.000000	-188.870050	-111.217360	17.704000	5309186890549714944.000000	2.402100
483.000000	-189.918920	-32.702590	19.651000	5309198740347705344.000000	2.860700
484.000000	-192.135000	-146.717590	19.557000	5309186856189973504.000000	2.836200
485.000000	-191.146030	184.376170	20.168000	5309199466215204864.000000	2.820500
486.000000	-194.873960	-212.529290	19.036000	5308811476053945344.000000	2.811500
487.000000	-194.713920	-173.720990	19.920000	5309186787470494720.000000	2.910000
488.000000	-195.323640	-126.633700	18.637000	5309186856189974528.000000	2.720400
489.000000	-199.655440	-9.315270	16.778000	5309198744660685824.000000	2.448200
490.000000	-199.714400	18.980690	19.976000	5309198744638750720.000000	2.949000
491.000000	-199.355170	50.265220	19.103000	5309198847739905024.000000	2.683400
492.000000	-204.204210	-277.701970	18.186000	5308811441690068992.000000	2.562500
493.000000	-201.767310	85.650030	19.540000	5309198847739908096.000000	2.766800
495.000000	-204.897070	89.101770	19.833000	5309198847739908096.000000	2.808700
496.000000	-204.251090	172.622810	19.084000	5309199431855465472.000000	3.090300
497.000000	-209.532730	-158.225060	19.697000	5309186851878222848.000000	0.756600
498.000000	-212.144800	-144.764730	19.306000	5309186856189972480.000000	2.707400
499.000000	-212.799480	107.558760	19.533000	5309198847739909120.000000	2.841400
500.000000	-216.705920	-241.215540	19.660000	5308811441690073088.000000	3.176800
501.000000	-221.648050	-162.274600	14.763000	5308811544769298432.000000	2.222400
502.000000	-223.736520	7.498600	19.206000	5309198813380162560.000000	2.858400
503.000000	-228.010250	-261.284490	18.277000	5308811437375834112.000000	2.953200
504.000000	-227.481360	69.089050	16.801000	5309198847739904000.000000	2.397200
505.000000	-230.027260	-196.487390	16.489000	5308811540455163904.000000	3.397600
506.000000	-236.561600	-235.665740	18.501000	5308811510409547776.000000	2.633100
507.000000	-238.064850	99.348620	20.534000	5309199053898380288.000000	4.598000
508.000000	-241.868780	-159.210050	17.448000	5308811544769296384.000000	2.390000
509.000000	-250.697010	114.411990	19.860000	5309199053898337280.000000	3.130900
510.000000	-260.054920	67.127880	20.411000	5309199019538593792.000000	2.904800
511.000000	-261.491780	-4.478800	18.250000	5309198710300944384.000000	2.594500
512.000000	-263.807900	4.553150	14.309000	5309198710300944384.000000	2.282500
513.000000	-271.518070	31.791390	18.437000	5309198916459375616.000000	2.706600
514.000000	-280.751660	59.350380	19.774000	5309198916459425792.000000	2.721000
515.000000	-284.694650	-109.065560	16.095000	5308823360205296640.000000	2.339000
516.000000	-287.084710	-61.514000	19.875000	5309198675941200896.000000	2.837400
517.000000	-286.708730	17.290940	17.616000	5309198916459374592.000000	2.665900
518.000000	-290.944030	-126.861680	20.772000	5308823291497222144.000000	2.964200
519.000000	-305.959840	-22.455400	19.784000	5309198882099632128.000000	2.683900
520.000000	304.369100	-147.948570	17.496000	5309184657166891008.000000	2.300200
521.000000	279.134050	89.017500	17.858000	5309187852622588928.000000	2.454100
522.000000	266.200710	-188.843630	17.902000	5309183179698291712.000000	2.491600
523.000000	265.287720	-109.677760	20.115000	5309187607793295360.000000	2.733300
524.000000	257.619490	65.836100	20.305000	5309187852622580736.000000	3.008700
526.000000	249.449200	116.502080	19.306000	5309188058781019136.000000	2.618300
527.000000	209.802990	-142.205410	19.103000	5309186134635627520.000000	2.777300
528.000000	187.375850	-71.075420	19.506000	5309186199040076800.000000	2.681200
529.000000	171.350860	-11.080080	20.182000	5309187882667291648.000000	3.011300
530.000000	168.537680	-110.364990	19.930000	5309186203355227136.000000	3.095700
531.000000	169.096410	29.170530	20.662000	5309187921342042112.000000	3.203600
532.000000	162.726310	207.521840	18.908000	5309188883414740992.000000	3.123700
533.000000	147.217510	-345.854900	19.470000	5309182625627140096.000000	2.618400
534.000000	141.871000	-56.769180	20.137000	5309186405198516224.000000	3.016900
535.000000	128.197190	208.707420	19.224000	5309188917774339072.000000	2.821500
536.000000	115.310070	-359.542780	20.474000	5309185550520037376.000000	3.131300
537.000000	117.144520	154.284420	19.286000	5309188745975642112.000000	2.991400
538.000000	115.429170	39.517680	19.037000	5309187955701647360.000000	2.747300
539.000000	78.561980	-183.010470	18.791000	5309186237714824192.000000	3.409100
540.000000	77.324630	-292.881990	20.159000	5309185619239518208.000000	2.766900
542.000000	72.199190	-351.775570	19.536000	5309185516160294912.000000	2.682500
543.000000	74.331210	-86.960240	20.313000	5309186340794050560.000000	2.772100
544.000000	71.217520	-291.366940	17.601000	5309185619239518208.000000	2.784600
545.000000	64.974160	-22.047850	20.529000	5309187199787389952.000000	3.010900
546.000000	59.144670	-196.537510	17.071000	5309185859757699072.000000	2.529900
547.000000	59.016080	64.642640	19.409000	5309187234147137536.000000	2.775400
548.000000	53.179120	-377.147640	18.894000	5309185516140754944.000000	2.767300
549.000000	56.807860	253.787640	20.478000	5309189123932767232.000000	3.243000
550.000000	48.004570	-38.709430	19.907000	5309187195472499712.000000	2.823300
551.000000	37.843600	-7.170500	20.387000	5309187199787387904.000000	3.606100
552.000000	37.278790	97.157650	20.235000	5309187302866616320.000000	2.814800
553.000000	35.413220	-111.461920	19.744000	5309186306434305024.000000	2.860500
554.000000	26.801620	-156.244140	18.913000	5309186306434298880.000000	2.701100
555.000000	14.021680	15.261640	17.719000	5309187268506864640.000000	2.640100
556.000000	12.128560	93.201810	20.338000	5309187504710228992.000000	2.749900
557.000000	8.298880	-44.677940	19.210000	5309187092393290752.000000	2.904200
558.000000	5.075380	81.250210	20.450000	5309187504710222848.000000	2.918700
559.000000	-1.763680	-88.417720	20.244000	5309187062348421120.000000	2.808000
560.000000	-4.459150	-225.397860	20.520000	5309185889802333184.000000	2.841200
562.000000	-16.544110	66.381380	20.272000	5309187474665298944.000000	3.286400
563.000000	-18.489100	258.585290	17.873000	5309189089573023744.000000	2.565800
564.000000	-22.847360	-132.231470	20.211000	5309186680076369920.000000	2.898600
565.000000	-23.652750	27.248420	18.627000	5309187165427646464.000000	2.681000
566.000000	-25.165340	-139.863850	19.782000	5309186684391292928.000000	2.754000
567.000000	-33.273710	-178.529460	19.110000	5309186650031551488.000000	2.622800
568.000000	-36.266750	-91.770120	19.520000	5309186753110772736.000000	2.847700
569.000000	-43.114080	-334.124250	16.651000	5309185756678452224.000000	3.659000
570.000000	-58.595860	-372.685660	17.460000	5308810376538445824.000000	2.511000
571.000000	-64.669670	-152.403770	18.156000	5309186718751028224.000000	5.007400
572.000000	-73.026410	-221.059700	20.351000	5309186546931556352.000000	2.828800
573.000000	-73.242660	-81.055700	19.138000	5309186753110771712.000000	2.613200
574.000000	-79.417960	-287.267080	19.625000	5309186512592698368.000000	2.783300
575.000000	-87.263350	-305.775520	19.637000	5308811201172168704.000000	2.970500
576.000000	-93.073770	96.413310	19.442000	5309187440305553408.000000	2.657400
577.000000	-98.354570	-221.002270	19.003000	5309186512592590848.000000	2.915900
578.000000	-99.585530	76.537100	20.025000	5309187440305550336.000000	2.898500
579.000000	-105.250600	205.809330	20.257000	5309199328776259584.000000	2.692100
580.000000	-109.787510	-147.354170	19.596000	5309186615671811072.000000	2.930200
581.000000	-110.235210	-140.622500	18.566000	5309186615671811072.000000	2.610200
582.000000	-123.514620	-67.732850	20.101000	5309186924909460480.000000	2.905600
583.000000	-130.941490	-185.495310	20.499000	5309186581312067584.000000	2.892400
584.000000	-131.498620	-79.511690	20.572000	5309186924909459456.000000	2.775000
585.000000	-134.143540	-93.554050	20.338000	5309186924909457408.000000	2.882900
586.000000	-136.797740	18.115610	19.460000	5309187027994586112.000000	2.883800
587.000000	-136.671180	179.719880	20.616000	5309199363135993856.000000	4.563100
588.000000	-141.939240	120.494900	20.093000	5309199191337297920.000000	4.199600
589.000000	-158.322650	-262.454050	20.222000	5308811269891385344.000000	2.944000
590.000000	-158.296780	210.334600	20.064000	5309199363135993856.000000	2.816500
591.000000	-173.980850	122.729030	20.333000	5309199225697034240.000000	2.889400
592.000000	-188.859080	-36.589250	20.549000	5309198744660684800.000000	3.210200
593.000000	-202.059730	-41.430550	20.371000	5309198637268489216.000000	3.071300
594.000000	-235.067430	-74.094970	18.045000	5309198607221726208.000000	2.356400
595.000000	-246.258850	-28.248940	18.800000	5309198710301005824.000000	2.925500
596.000000	-257.726900	27.171820	19.151000	5309198710300946432.000000	3.060700
597.000000	-268.654030	11.996520	17.102000	5309198705988768768.000000	2.440100
598.000000	-278.408600	14.246650	20.715000	5309198912146403328.000000	3.111400
599.000000	-289.408150	-81.678550	20.483000	5308823364519299072.000000	3.036000
600.000000	317.067000	43.689640	15.934000	5309187783903110144.000000	2.273700
601.000000	299.610140	-124.178840	18.384000	5309184691526631424.000000	2.435200
602.000000	265.420140	-106.365990	19.443000	5309187612104390656.000000	2.751400
603.000000	252.306510	-278.855760	18.770000	5309183072303768576.000000	2.891800
604.000000	251.834170	153.182180	20.777000	5309188436743886848.000000	2.852900
606.000000	228.179390	-133.556400	19.940000	5309186134635631616.000000	2.945600
607.000000	225.278860	12.140290	20.107000	5309187715183616000.000000	2.861900
608.000000	210.754150	53.669570	20.266000	5309188024421265408.000000	3.014700
609.000000	194.394170	-140.096510	18.555000	5309186130320553984.000000	2.718100
611.000000	153.821370	-66.897030	20.701000	5309186409513537536.000000	2.985300
612.000000	141.281960	190.371610	19.758000	5309188849054861312.000000	3.653600
613.000000	109.180070	-249.881860	19.019000	5309186031556389888.000000	3.058300
614.000000	75.534510	-1.388820	18.103000	5309187234147133440.000000	2.697600
615.000000	57.574050	-388.597310	17.504000	5309185447440812032.000000	2.432700
616.000000	55.713700	-15.744110	19.983000	5309187199766798336.000000	2.868400
617.000000	5.830590	-44.209820	20.483000	5309187096687515648.000000	3.145100
618.000000	2.898700	-16.273730	18.076000	5309187165427643392.000000	2.689300
619.000000	-8.794690	45.790040	18.589000	5309187268506866688.000000	2.721300
620.000000	-20.284720	-216.399170	18.324000	5309185894097931264.000000	2.604800
621.000000	-31.816120	-292.325300	16.288000	5309185791018663936.000000	2.383300
622.000000	-75.872100	195.963110	19.724000	5309199328776260608.000000	2.843900
623.000000	-96.657310	-108.753050	17.134000	5309186714436120576.000000	2.326700
624.000000	-104.654410	108.933650	19.742000	5309199191337298944.000000	2.763200
625.000000	-114.847880	-228.538090	20.142000	5309186576997094400.000000	3.192800
626.000000	-117.992510	71.231690	18.769000	5309187405945808896.000000	2.556700
627.000000	-126.719830	154.924610	20.724000	5309199191337299968.000000	2.758200
628.000000	-172.567600	-94.745580	19.373000	5309186890549716992.000000	2.673800
629.000000	-187.416130	-127.127550	18.799000	5309186856189974528.000000	2.482000
630.000000	-188.830910	-125.473330	20.313000	5309186856189974528.000000	3.011800
631.000000	-190.511280	-180.015570	17.459000	5309186787470494720.000000	2.423000
632.000000	-199.585020	16.928860	19.997000	5309198744660687872.000000	3.085400
633.000000	-238.501670	-155.604610	19.100000	5308811544751964160.000000	2.778400
634.000000	-310.755070	-29.917340	20.776000	5309198882099632128.000000	4.513000
635.000000	236.876920	-285.814420	20.202000	5309182969228614656.000000	2.853500
636.000000	157.156060	-4.980450	20.411000	5309187882667291648.000000	2.917700
637.000000	140.100790	192.604720	18.304000	5309188849054861312.000000	3.054700
638.000000	113.169910	38.655400	20.237000	5309187955701646336.000000	2.817300
640.000000	-34.857550	-255.713920	19.629000	5309185791038200832.000000	3.916300
641.000000	-79.501440	-91.138910	18.655000	5309186753110769664.000000	2.940500
642.000000	-220.910820	-33.753260	20.620000	5309198637268491264.000000	2.862300
645.000000	-245.706180	-30.732030	19.930000	5309198710278956032.000000	2.758500
646.000000	-254.823800	-53.679380	19.643000	5309198675941267456.000000	2.656100
647.000000	226.079760	-197.273350	19.814000	5309183141027305472.000000	2.727900
648.000000	213.329490	142.262070	18.505000	5309188127479933952.000000	2.650100
649.000000	-75.116010	-130.448650	20.059000	5309186718751029248.000000	1.747200
650.000000	-93.905560	-325.831620	19.003000	5308810445241227264.000000	2.946700
651.000000	-273.297460	-33.876030	20.389000	5309198675919202304.000000	2.918500
653.000000	244.140990	112.082840	19.987000	5309188058781017088.000000	2.908700
654.000000	227.908880	-131.215980	18.876000	5309186134635631616.000000	2.588500
655.000000	122.706130	7.183860	17.703000	5309186478232894464.000000	2.521200
657.000000	230.661650	176.904410	16.491000	5309188505457484800.000000	2.320800
658.000000	122.053610	-351.160130	18.964000	5309185550500546560.000000	2.915000
661.000000	-184.049680	-326.059840	17.309000	5308811235531632640.000000	2.505100
662.000000	125.027020	6.533930	20.268000	5309186478232894464.000000	3.077800
